% time	cellId	IMSI	frame	sframe	RNTI	mcs	size	ccId
0.273	1	1	28	4	1	0	85	0
0.587	1	4	59	8	78	20	161	0
0.587	1	12	59	8	82	20	161	0
0.587	1	7	59	8	29	20	161	1
0.587	1	9	59	8	39	20	161	1
0.588	1	1	59	9	87	20	161	0
0.588	1	6	59	9	91	20	161	0
0.588	1	2	59	9	50	20	161	1
0.588	1	11	59	9	58	20	161	1
0.589	1	13	59	10	94	20	161	0
0.589	1	3	59	10	96	20	161	0
0.589	1	10	59	10	63	20	161	1
0.589	1	8	59	10	71	20	161	1
0.289	1	1	29	10	1	28	2292	0
0.59	1	14	60	1	1	20	161	0
0.59	1	15	60	1	12	20	161	0
0.29	1	1	30	1	1	28	2292	0
0.59	1	4	60	1	78	20	161	1
0.59	1	12	60	1	82	20	161	1
0.291	1	1	30	2	1	28	2292	0
0.292	1	1	30	3	1	28	2292	0
0.293	1	1	30	4	1	28	2292	0
0.294	1	1	30	5	1	28	2292	0
0.591	1	5	60	2	20	20	161	0
0.591	1	7	60	2	29	20	161	0
0.295	1	1	30	6	1	28	2292	0
0.591	1	1	60	2	87	20	161	1
0.591	1	6	60	2	91	20	161	1
0.296	1	1	30	7	1	28	2292	0
0.592	1	9	60	3	39	20	161	0
0.592	1	2	60	3	50	20	161	0
0.592	1	13	60	3	94	20	161	1
0.592	1	3	60	3	96	20	161	1
0.297	1	1	30	8	1	28	2292	0
0.298	1	1	30	9	1	28	2292	0
0.299	1	1	30	10	1	28	2292	0
0.593	1	11	60	4	58	20	161	0
0.593	1	10	60	4	63	20	161	0
0.593	1	14	60	4	1	20	161	1
0.593	1	15	60	4	12	20	161	1
0.3	1	1	31	1	1	28	2292	0
0.301	1	1	31	2	1	28	2292	0
0.594	1	8	60	5	71	20	161	0
0.594	1	4	60	5	78	20	161	0
0.594	1	5	60	5	20	20	161	1
0.594	1	7	60	5	29	20	161	1
0.302	1	1	31	3	1	28	2292	0
0.303	1	1	31	4	1	28	2292	0
0.304	1	1	31	5	1	28	2292	0
0.595	1	12	60	6	82	20	161	0
0.595	1	1	60	6	87	20	161	0
0.595	1	9	60	6	39	20	161	1
0.595	1	2	60	6	50	20	161	1
0.305	1	1	31	6	1	28	2292	0
0.306	1	1	31	7	1	28	2292	0
0.596	1	6	60	7	91	20	161	0
0.596	1	13	60	7	94	20	161	0
0.596	1	11	60	7	58	20	161	1
0.596	1	10	60	7	63	20	161	1
0.307	1	1	31	8	1	28	2292	0
0.308	1	1	31	9	1	28	2292	0
0.597	1	3	60	8	96	20	161	0
0.597	1	14	60	8	1	20	161	0
0.309	1	1	31	10	1	28	2292	0
0.597	1	8	60	8	71	20	161	1
0.597	1	4	60	8	78	20	161	1
0.31	1	1	32	1	1	28	2292	0
0.598	1	15	60	9	12	20	161	0
0.598	1	5	60	9	20	20	161	0
0.598	1	12	60	9	82	20	161	1
0.598	1	1	60	9	87	20	161	1
0.311	1	1	32	2	1	28	2292	0
0.312	1	1	32	3	1	28	2292	0
0.313	1	1	32	4	1	28	2292	0
0.599	1	7	60	10	29	20	161	0
0.599	1	9	60	10	39	20	161	0
0.599	1	6	60	10	91	20	161	1
0.599	1	13	60	10	94	20	161	1
0.314	1	1	32	5	1	28	2292	0
0.315	1	1	32	6	1	28	2292	0
0.6	1	2	61	1	50	20	161	0
0.6	1	11	61	1	58	20	161	0
0.6	1	3	61	1	96	20	161	1
0.6	1	14	61	1	1	20	161	1
0.316	1	1	32	7	1	28	2292	0
0.317	1	1	32	8	1	28	2292	0
0.318	1	1	32	9	1	28	2292	0
0.601	1	10	61	2	63	20	161	0
0.601	1	8	61	2	71	20	161	0
0.601	1	15	61	2	12	20	161	1
0.601	1	5	61	2	20	20	161	1
0.319	1	1	32	10	1	28	2292	0
0.32	1	1	33	1	1	28	2292	0
0.602	1	4	61	3	78	20	161	0
0.602	1	12	61	3	82	20	161	0
0.602	1	7	61	3	29	20	161	1
0.602	1	9	61	3	39	20	161	1
0.321	1	1	33	2	1	28	2292	0
0.322	1	1	33	3	1	28	2292	0
0.603	1	1	61	4	87	20	161	0
0.603	1	6	61	4	91	20	161	0
0.603	1	2	61	4	50	20	161	1
0.603	1	11	61	4	58	20	161	1
0.323	1	1	33	4	1	28	2292	0
0.604	1	13	61	5	94	20	161	0
0.604	1	3	61	5	96	20	161	0
0.604	1	10	61	5	63	20	161	1
0.604	1	8	61	5	71	20	161	1
0.324	1	1	33	5	1	28	2292	0
0.325	1	1	33	6	1	28	2292	0
0.326	1	1	33	7	1	28	2292	0
0.605	1	14	61	6	1	20	161	0
0.605	1	15	61	6	12	20	161	0
0.605	1	4	61	6	78	20	161	1
0.605	1	12	61	6	82	20	161	1
0.327	1	1	33	8	1	28	2292	0
0.328	1	1	33	9	1	28	2292	0
0.606	1	5	61	7	20	20	161	0
0.606	1	7	61	7	29	20	161	0
0.606	1	1	61	7	87	20	161	1
0.606	1	6	61	7	91	20	161	1
0.329	1	1	33	10	1	28	2292	0
0.33	1	1	34	1	1	28	2292	0
0.607	1	9	61	8	39	20	161	0
0.607	1	2	61	8	50	20	161	0
0.607	1	13	61	8	94	20	161	1
0.607	1	3	61	8	96	20	161	1
0.331	1	1	34	2	1	28	2292	0
0.332	1	1	34	3	1	28	2292	0
0.608	1	11	61	9	58	20	161	0
0.608	1	10	61	9	63	20	161	0
0.608	1	14	61	9	1	20	161	1
0.608	1	15	61	9	12	20	161	1
0.333	1	1	34	4	1	28	2292	0
0.334	1	1	34	5	1	28	2292	0
0.335	1	1	34	6	1	28	2292	0
0.609	1	8	61	10	71	20	161	0
0.609	1	4	61	10	78	20	161	0
0.609	1	5	61	10	20	20	161	1
0.609	1	7	61	10	29	20	161	1
0.336	1	1	34	7	1	28	2292	0
0.337	1	1	34	8	1	28	2292	0
0.61	1	12	62	1	82	20	161	0
0.61	1	1	62	1	87	20	161	0
0.338	1	1	34	9	1	28	2292	0
0.61	1	9	62	1	39	20	161	1
0.61	1	2	62	1	50	20	161	1
0.339	1	1	34	10	1	28	2292	0
0.34	1	1	35	1	1	28	2292	0
0.341	1	1	35	2	1	28	2292	0
0.611	1	6	62	2	91	20	161	0
0.611	1	13	62	2	94	20	161	0
0.611	1	11	62	2	58	20	161	1
0.611	1	10	62	2	63	20	161	1
0.342	1	1	35	3	1	28	2292	0
0.343	1	1	35	4	1	28	2292	0
0.344	1	1	35	5	1	28	2292	0
0.612	1	3	62	3	96	20	161	0
0.612	1	14	62	3	1	20	161	0
0.612	1	8	62	3	71	20	161	1
0.612	1	4	62	3	78	20	161	1
0.345	1	1	35	6	1	28	2292	0
0.346	1	1	35	7	1	28	2292	0
0.347	1	1	35	8	1	28	2292	0
0.348	1	1	35	9	1	28	2292	0
0.613	1	15	62	4	12	20	161	0
0.613	1	5	62	4	20	20	161	0
0.613	1	12	62	4	82	20	161	1
0.613	1	1	62	4	87	20	161	1
0.349	1	1	35	10	1	28	2292	0
0.35	1	1	36	1	1	28	2292	0
0.614	1	7	62	5	29	20	161	0
0.614	1	9	62	5	39	20	161	0
0.351	1	1	36	2	1	28	2292	0
0.614	1	6	62	5	91	20	161	1
0.614	1	13	62	5	94	20	161	1
0.352	1	1	36	3	1	28	2292	0
0.353	1	1	36	4	1	28	2292	0
0.354	1	1	36	5	1	28	2292	0
0.615	1	2	62	6	50	20	161	0
0.615	1	11	62	6	58	20	161	0
0.615	1	3	62	6	96	20	161	1
0.615	1	14	62	6	1	20	161	1
0.355	1	1	36	6	1	28	2292	0
0.356	1	1	36	7	1	28	2292	0
0.616	1	10	62	7	63	20	161	0
0.616	1	8	62	7	71	20	161	0
0.616	1	15	62	7	12	20	161	1
0.616	1	5	62	7	20	20	161	1
0.357	1	1	36	8	1	28	2292	0
0.358	1	1	36	9	1	28	2292	0
0.617	1	4	62	8	78	20	161	0
0.617	1	12	62	8	82	20	161	0
0.359	1	1	36	10	1	28	2292	0
0.617	1	7	62	8	29	20	161	1
0.617	1	9	62	8	39	20	161	1
0.36	1	1	37	1	1	28	2292	0
0.618	1	1	62	9	87	20	161	0
0.361	1	1	37	2	1	28	2292	0
0.618	1	6	62	9	91	20	161	0
0.618	1	2	62	9	50	20	161	1
0.618	1	11	62	9	58	20	161	1
0.362	1	1	37	3	1	28	2292	0
0.363	1	1	37	4	1	28	2292	0
0.364	1	1	37	5	1	28	2292	0
0.619	1	13	62	10	94	20	161	0
0.619	1	3	62	10	96	20	161	0
0.619	1	10	62	10	63	20	161	1
0.619	1	8	62	10	71	20	161	1
0.365	1	1	37	6	1	28	2292	0
0.366	1	1	37	7	1	28	2292	0
0.62	1	14	63	1	1	20	161	0
0.62	1	15	63	1	12	20	161	0
0.62	1	4	63	1	78	20	161	1
0.62	1	12	63	1	82	20	161	1
0.367	1	1	37	8	1	28	2292	0
0.368	1	1	37	9	1	28	2292	0
0.369	1	1	37	10	1	28	2292	0
0.621	1	5	63	2	20	20	161	0
0.621	1	7	63	2	29	20	161	0
0.621	1	1	63	2	87	20	161	1
0.621	1	6	63	2	91	20	161	1
0.37	1	1	38	1	1	28	2292	0
0.371	1	1	38	2	1	28	2292	0
0.622	1	9	63	3	39	20	161	0
0.622	1	2	63	3	50	20	161	0
0.622	1	13	63	3	94	20	161	1
0.622	1	3	63	3	96	20	161	1
0.372	1	1	38	3	1	28	2292	0
0.373	1	1	38	4	1	28	2292	0
0.623	1	11	63	4	58	20	161	0
0.623	1	10	63	4	63	20	161	0
0.374	1	1	38	5	1	28	2292	0
0.623	1	14	63	4	1	20	161	1
0.623	1	15	63	4	12	20	161	1
0.375	1	1	38	6	1	28	2292	0
0.624	1	8	63	5	71	20	161	0
0.624	1	4	63	5	78	20	161	0
0.624	1	5	63	5	20	20	161	1
0.624	1	7	63	5	29	20	161	1
0.376	1	1	38	7	1	28	2292	0
0.377	1	1	38	8	1	28	2292	0
0.378	1	1	38	9	1	28	2292	0
0.625	1	12	63	6	82	20	161	0
0.625	1	1	63	6	87	20	161	0
0.625	1	9	63	6	39	20	161	1
0.625	1	2	63	6	50	20	161	1
0.379	1	1	38	10	1	28	2292	0
0.38	1	1	39	1	1	28	2292	0
0.626	1	6	63	7	91	20	161	0
0.626	1	13	63	7	94	20	161	0
0.626	1	11	63	7	58	20	161	1
0.626	1	10	63	7	63	20	161	1
0.381	1	1	39	2	1	28	2292	0
0.382	1	1	39	3	1	28	2292	0
0.383	1	1	39	4	1	28	2292	0
0.627	1	3	63	8	96	20	161	0
0.627	1	14	63	8	1	20	161	0
0.627	1	8	63	8	71	20	161	1
0.627	1	4	63	8	78	20	161	1
0.384	1	1	39	5	1	28	2292	0
0.628	1	15	63	9	12	20	161	0
0.628	1	5	63	9	20	20	161	0
0.628	1	12	63	9	82	20	161	1
0.628	1	1	63	9	87	20	161	1
0.385	1	1	39	6	1	28	2292	0
0.386	1	1	39	7	1	28	2292	0
0.387	1	1	39	8	1	28	2292	0
0.629	1	7	63	10	29	20	161	0
0.629	1	9	63	10	39	20	161	0
0.629	1	6	63	10	91	20	161	1
0.629	1	13	63	10	94	20	161	1
0.388	1	1	39	9	1	28	2292	0
0.389	1	1	39	10	1	28	2292	0
0.63	1	2	64	1	50	20	161	0
0.63	1	11	64	1	58	20	161	0
0.63	1	3	64	1	96	20	161	1
0.63	1	14	64	1	1	20	161	1
0.39	1	1	40	1	1	28	2292	0
0.391	1	1	40	2	1	28	2292	0
0.392	1	1	40	3	1	28	2292	0
0.393	1	1	40	4	1	28	2292	0
0.631	1	10	64	2	63	20	161	0
0.631	1	8	64	2	71	20	161	0
0.631	1	15	64	2	12	20	161	1
0.631	1	5	64	2	20	20	161	1
0.394	1	1	40	5	1	28	2292	0
0.632	1	4	64	3	78	20	161	0
0.632	1	12	64	3	82	20	161	0
0.632	1	7	64	3	29	20	161	1
0.632	1	9	64	3	39	20	161	1
0.395	1	1	40	6	1	28	2292	0
0.396	1	1	40	7	1	28	2292	0
0.397	1	1	40	8	1	28	2292	0
0.398	1	1	40	9	1	28	2292	0
0.633	1	1	64	4	87	20	161	0
0.633	1	6	64	4	91	20	161	0
0.633	1	2	64	4	50	20	161	1
0.633	1	11	64	4	58	20	161	1
0.399	1	1	40	10	1	28	2292	0
0.4	1	1	41	1	1	28	2292	0
0.634	1	13	64	5	94	20	161	0
0.634	1	3	64	5	96	20	161	0
0.634	1	10	64	5	63	20	161	1
0.634	1	8	64	5	71	20	161	1
0.401	1	1	41	2	1	28	2292	0
0.402	1	1	41	3	1	28	2292	0
0.403	1	1	41	4	1	28	2292	0
0.404	1	1	41	5	1	28	2292	0
0.635	1	14	64	6	1	20	161	0
0.635	1	15	64	6	12	20	161	0
0.635	1	4	64	6	78	20	161	1
0.635	1	12	64	6	82	20	161	1
0.636	1	5	64	7	20	20	161	0
0.636	1	7	64	7	29	20	161	0
0.636	1	1	64	7	87	20	161	1
0.636	1	6	64	7	91	20	161	1
0.637	1	9	64	8	39	20	161	0
0.637	1	2	64	8	50	20	161	0
0.637	1	13	64	8	94	20	161	1
0.637	1	3	64	8	96	20	161	1
0.638	1	11	64	9	58	20	161	0
0.638	1	10	64	9	63	20	161	0
0.638	1	14	64	9	1	20	161	1
0.638	1	15	64	9	12	20	161	1
0.639	1	8	64	10	71	20	161	0
0.639	1	4	64	10	78	20	161	0
0.639	1	5	64	10	20	20	161	1
0.639	1	7	64	10	29	20	161	1
0.64	1	12	65	1	82	20	161	0
0.64	1	1	65	1	87	20	161	0
0.64	1	9	65	1	39	20	161	1
0.64	1	2	65	1	50	20	161	1
0.641	1	6	65	2	91	20	161	0
0.641	1	13	65	2	94	20	161	0
0.641	1	11	65	2	58	20	161	1
0.641	1	10	65	2	63	20	161	1
0.642	1	3	65	3	96	20	161	0
0.642	1	14	65	3	1	20	161	0
0.642	1	8	65	3	71	20	161	1
0.642	1	4	65	3	78	20	161	1
0.643	1	15	65	4	12	20	161	0
0.643	1	5	65	4	20	20	161	0
0.643	1	12	65	4	82	20	161	1
0.643	1	1	65	4	87	20	161	1
0.644	1	7	65	5	29	20	161	0
0.644	1	9	65	5	39	20	161	0
0.644	1	6	65	5	91	20	161	1
0.644	1	13	65	5	94	20	161	1
0.645	1	2	65	6	50	20	161	0
0.645	1	11	65	6	58	20	161	0
0.645	1	3	65	6	96	20	161	1
0.645	1	14	65	6	1	20	161	1
0.646	1	10	65	7	63	20	161	0
0.646	1	8	65	7	71	20	161	0
0.646	1	15	65	7	12	20	161	1
0.646	1	5	65	7	20	20	161	1
0.647	1	4	65	8	78	20	161	0
0.647	1	12	65	8	82	20	161	0
0.647	1	7	65	8	29	20	161	1
0.647	1	9	65	8	39	20	161	1
0.648	1	1	65	9	87	20	161	0
0.648	1	6	65	9	91	20	161	0
0.648	1	2	65	9	50	20	161	1
0.648	1	11	65	9	58	20	161	1
0.649	1	13	65	10	94	20	161	0
0.649	1	3	65	10	96	20	161	0
0.649	1	10	65	10	63	20	161	1
0.649	1	8	65	10	71	20	161	1
0.65	1	14	66	1	1	20	161	0
0.65	1	15	66	1	12	20	161	0
0.65	1	4	66	1	78	20	161	1
0.65	1	12	66	1	82	20	161	1
0.651	1	5	66	2	20	20	161	0
0.651	1	7	66	2	29	20	161	0
0.651	1	1	66	2	87	20	161	1
0.651	1	6	66	2	91	20	161	1
0.652	1	9	66	3	39	20	161	0
0.652	1	2	66	3	50	20	161	0
0.652	1	13	66	3	94	20	161	1
0.652	1	3	66	3	96	20	161	1
0.653	1	11	66	4	58	20	161	0
0.653	1	10	66	4	63	20	161	0
0.653	1	14	66	4	1	20	161	1
0.653	1	15	66	4	12	20	161	1
0.654	1	8	66	5	71	20	161	0
0.654	1	4	66	5	78	20	161	0
0.654	1	5	66	5	20	20	161	1
0.654	1	7	66	5	29	20	161	1
0.655	1	12	66	6	82	20	161	0
0.655	1	1	66	6	87	20	161	0
0.655	1	9	66	6	39	20	161	1
0.655	1	2	66	6	50	20	161	1
0.656	1	6	66	7	91	20	161	0
0.656	1	13	66	7	94	20	161	0
0.656	1	11	66	7	58	20	161	1
0.656	1	10	66	7	63	20	161	1
0.657	1	3	66	8	96	20	161	0
0.657	1	14	66	8	1	20	161	0
0.657	1	8	66	8	71	20	161	1
0.657	1	4	66	8	78	20	161	1
0.658	1	15	66	9	12	20	161	0
0.658	1	5	66	9	20	20	161	0
0.658	1	12	66	9	82	20	161	1
0.658	1	1	66	9	87	20	161	1
0.659	1	7	66	10	29	20	161	0
0.659	1	9	66	10	39	20	161	0
0.659	1	6	66	10	91	20	161	1
0.659	1	13	66	10	94	20	161	1
0.66	1	2	67	1	50	20	161	0
0.66	1	11	67	1	58	20	161	0
0.66	1	3	67	1	96	20	161	1
0.66	1	14	67	1	1	20	161	1
0.661	1	10	67	2	63	20	161	0
0.661	1	8	67	2	71	20	161	0
0.661	1	15	67	2	12	20	161	1
0.661	1	5	67	2	20	20	161	1
0.662	1	4	67	3	78	20	161	0
0.662	1	12	67	3	82	20	161	0
0.662	1	7	67	3	29	20	161	1
0.662	1	9	67	3	39	20	161	1
0.663	1	1	67	4	87	20	161	0
0.663	1	6	67	4	91	20	161	0
0.663	1	2	67	4	50	20	161	1
0.663	1	11	67	4	58	20	161	1
0.664	1	13	67	5	94	20	161	0
0.664	1	3	67	5	96	20	161	0
0.664	1	10	67	5	63	20	161	1
0.664	1	8	67	5	71	20	161	1
0.665	1	14	67	6	1	20	161	0
0.665	1	15	67	6	12	20	161	0
0.665	1	4	67	6	78	20	161	1
0.665	1	12	67	6	82	20	161	1
0.666	1	5	67	7	20	20	161	0
0.666	1	7	67	7	29	20	161	0
0.666	1	1	67	7	87	20	161	1
0.666	1	6	67	7	91	20	161	1
0.667	1	9	67	8	39	20	161	0
0.667	1	2	67	8	50	20	161	0
0.667	1	13	67	8	94	20	161	1
0.667	1	3	67	8	96	20	161	1
0.668	1	11	67	9	58	20	161	0
0.668	1	10	67	9	63	20	161	0
0.668	1	14	67	9	1	20	161	1
0.668	1	15	67	9	12	20	161	1
0.669	1	8	67	10	71	20	161	0
0.669	1	4	67	10	78	20	161	0
0.669	1	5	67	10	20	20	161	1
0.669	1	7	67	10	29	20	161	1
0.67	1	12	68	1	82	20	161	0
0.67	1	1	68	1	87	20	161	0
0.67	1	9	68	1	39	20	161	1
0.67	1	2	68	1	50	20	161	1
0.671	1	6	68	2	91	20	161	0
0.671	1	13	68	2	94	20	161	0
0.671	1	11	68	2	58	20	161	1
0.671	1	10	68	2	63	20	161	1
0.672	1	3	68	3	96	20	161	0
0.672	1	14	68	3	1	20	161	0
0.672	1	8	68	3	71	20	161	1
0.672	1	4	68	3	78	20	161	1
0.673	1	15	68	4	12	20	161	0
0.673	1	5	68	4	20	20	161	0
0.673	1	12	68	4	82	20	161	1
0.673	1	1	68	4	87	20	161	1
0.674	1	7	68	5	29	20	161	0
0.674	1	9	68	5	39	20	161	0
0.674	1	6	68	5	91	20	161	1
0.674	1	13	68	5	94	20	161	1
0.675	1	2	68	6	50	20	161	0
0.675	1	11	68	6	58	20	161	0
0.675	1	3	68	6	96	20	161	1
0.675	1	14	68	6	1	20	161	1
0.676	1	10	68	7	63	20	161	0
0.676	1	8	68	7	71	20	161	0
0.676	1	15	68	7	12	20	161	1
0.676	1	5	68	7	20	20	161	1
0.677	1	4	68	8	78	20	161	0
0.677	1	12	68	8	82	20	161	0
0.677	1	7	68	8	29	20	161	1
0.677	1	9	68	8	39	20	161	1
0.678	1	1	68	9	87	20	161	0
0.678	1	6	68	9	91	20	161	0
0.678	1	2	68	9	50	20	161	1
0.678	1	11	68	9	58	20	161	1
0.679	1	13	68	10	94	20	161	0
0.679	1	3	68	10	96	20	161	0
0.679	1	10	68	10	63	20	161	1
0.679	1	8	68	10	71	20	161	1
0.68	1	14	69	1	1	20	161	0
0.68	1	15	69	1	12	20	161	0
0.68	1	4	69	1	78	20	161	1
0.68	1	12	69	1	82	20	161	1
0.681	1	5	69	2	20	20	161	0
0.681	1	7	69	2	29	20	161	0
0.681	1	1	69	2	87	20	161	1
0.681	1	6	69	2	91	20	161	1
0.682	1	9	69	3	39	20	161	0
0.682	1	2	69	3	50	20	161	0
0.682	1	13	69	3	94	20	161	1
0.682	1	3	69	3	96	20	161	1
0.683	1	11	69	4	58	20	161	0
0.683	1	10	69	4	63	20	161	0
0.683	1	14	69	4	1	20	161	1
0.683	1	15	69	4	12	20	161	1
0.684	1	8	69	5	71	20	161	0
0.684	1	4	69	5	78	20	161	0
0.684	1	5	69	5	20	20	161	1
0.684	1	7	69	5	29	20	161	1
0.685	1	12	69	6	82	20	161	0
0.685	1	1	69	6	87	20	161	0
0.685	1	9	69	6	39	20	161	1
0.685	1	2	69	6	50	20	161	1
0.686	1	6	69	7	91	20	161	0
0.686	1	13	69	7	94	20	161	0
0.686	1	11	69	7	58	20	161	1
0.686	1	10	69	7	63	20	161	1
0.687	1	3	69	8	96	20	161	0
0.687	1	14	69	8	1	20	161	0
0.687	1	8	69	8	71	20	161	1
0.687	1	4	69	8	78	20	161	1
0.688	1	15	69	9	12	20	161	0
0.688	1	5	69	9	20	20	161	0
0.688	1	12	69	9	82	20	161	1
0.688	1	1	69	9	87	20	161	1
0.689	1	7	69	10	29	20	161	0
0.689	1	9	69	10	39	20	161	0
0.689	1	6	69	10	91	20	161	1
0.689	1	13	69	10	94	20	161	1
0.69	1	2	70	1	50	20	161	0
0.69	1	11	70	1	58	20	161	0
0.69	1	3	70	1	96	20	161	1
0.69	1	14	70	1	1	20	161	1
0.691	1	10	70	2	63	20	161	0
0.691	1	8	70	2	71	20	161	0
0.691	1	15	70	2	12	20	161	1
0.691	1	5	70	2	20	20	161	1
0.692	1	4	70	3	78	20	161	0
0.692	1	12	70	3	82	20	161	0
0.692	1	7	70	3	29	20	161	1
0.692	1	9	70	3	39	20	161	1
0.693	1	1	70	4	87	20	161	0
0.693	1	6	70	4	91	20	161	0
0.693	1	2	70	4	50	20	161	1
0.693	1	11	70	4	58	20	161	1
0.694	1	13	70	5	94	20	161	0
0.694	1	3	70	5	96	20	161	0
0.694	1	10	70	5	63	20	161	1
0.694	1	8	70	5	71	20	161	1
0.695	1	14	70	6	1	20	161	0
0.695	1	15	70	6	12	20	161	0
0.695	1	4	70	6	78	20	161	1
0.695	1	12	70	6	82	20	161	1
0.696	1	5	70	7	20	20	161	0
0.696	1	7	70	7	29	20	161	0
0.696	1	1	70	7	87	20	161	1
0.696	1	6	70	7	91	20	161	1
0.697	1	9	70	8	39	20	161	0
0.697	1	2	70	8	50	20	161	0
0.697	1	13	70	8	94	20	161	1
0.697	1	3	70	8	96	20	161	1
0.698	1	11	70	9	58	20	161	0
0.698	1	10	70	9	63	20	161	0
0.698	1	14	70	9	1	20	161	1
0.698	1	15	70	9	12	20	161	1
0.699	1	8	70	10	71	20	161	0
0.699	1	4	70	10	78	20	161	0
0.699	1	5	70	10	20	20	161	1
0.699	1	7	70	10	29	20	161	1
0.7	1	12	71	1	82	20	161	0
0.7	1	1	71	1	87	20	161	0
0.7	1	9	71	1	39	20	161	1
0.7	1	2	71	1	50	20	161	1
0.701	1	6	71	2	91	20	161	0
0.701	1	13	71	2	94	20	161	0
0.701	1	11	71	2	58	20	161	1
0.701	1	10	71	2	63	20	161	1
0.702	1	3	71	3	96	20	161	0
0.702	1	14	71	3	1	20	161	0
0.702	1	8	71	3	71	20	161	1
0.702	1	4	71	3	78	20	161	1
0.703	1	15	71	4	12	20	161	0
0.703	1	5	71	4	20	20	161	0
0.703	1	12	71	4	82	20	161	1
0.703	1	1	71	4	87	20	161	1
0.704	1	7	71	5	29	20	161	0
0.704	1	9	71	5	39	20	161	0
0.704	1	6	71	5	91	20	161	1
0.704	1	13	71	5	94	20	161	1
0.705	1	2	71	6	50	20	161	0
0.705	1	11	71	6	58	20	161	0
0.705	1	3	71	6	96	20	161	1
0.705	1	14	71	6	1	20	161	1
0.706	1	10	71	7	63	20	161	0
0.706	1	8	71	7	71	20	161	0
0.706	1	15	71	7	12	20	161	1
0.706	1	5	71	7	20	20	161	1
0.707	1	4	71	8	78	20	161	0
0.707	1	12	71	8	82	20	161	0
0.707	1	7	71	8	29	20	161	1
0.707	1	9	71	8	39	20	161	1
0.708	1	1	71	9	87	20	161	0
0.708	1	6	71	9	91	20	161	0
0.708	1	2	71	9	50	20	161	1
0.708	1	11	71	9	58	20	161	1
0.709	1	13	71	10	94	20	161	0
0.709	1	3	71	10	96	20	161	0
0.709	1	10	71	10	63	20	161	1
0.709	1	8	71	10	71	20	161	1
0.71	1	14	72	1	1	20	161	0
0.71	1	15	72	1	12	20	161	0
0.71	1	4	72	1	78	20	161	1
0.71	1	12	72	1	82	20	161	1
0.711	1	5	72	2	20	20	161	0
0.711	1	7	72	2	29	20	161	0
0.711	1	1	72	2	87	20	161	1
0.711	1	6	72	2	91	20	161	1
0.712	1	9	72	3	39	20	161	0
0.712	1	2	72	3	50	20	161	0
0.712	1	13	72	3	94	20	161	1
0.712	1	3	72	3	96	20	161	1
0.713	1	11	72	4	58	20	161	0
0.713	1	10	72	4	63	20	161	0
0.713	1	14	72	4	1	20	161	1
0.713	1	15	72	4	12	20	161	1
0.714	1	8	72	5	71	20	161	0
0.714	1	4	72	5	78	20	161	0
0.714	1	5	72	5	20	20	161	1
0.714	1	7	72	5	29	20	161	1
0.715	1	12	72	6	82	20	161	0
0.715	1	1	72	6	87	20	161	0
0.715	1	9	72	6	39	20	161	1
0.715	1	2	72	6	50	20	161	1
0.716	1	6	72	7	91	20	161	0
0.716	1	13	72	7	94	20	161	0
0.716	1	11	72	7	58	20	161	1
0.716	1	10	72	7	63	20	161	1
0.717	1	3	72	8	96	20	161	0
0.717	1	14	72	8	1	20	161	0
0.717	1	8	72	8	71	20	161	1
0.717	1	4	72	8	78	20	161	1
0.718	1	15	72	9	12	20	161	0
0.718	1	5	72	9	20	20	161	0
0.718	1	12	72	9	82	20	161	1
0.718	1	1	72	9	87	20	161	1
0.719	1	7	72	10	29	20	161	0
0.719	1	9	72	10	39	20	161	0
0.719	1	6	72	10	91	20	161	1
0.719	1	13	72	10	94	20	161	1
0.72	1	2	73	1	50	20	161	0
0.72	1	11	73	1	58	20	161	0
0.72	1	3	73	1	96	20	161	1
0.72	1	14	73	1	1	20	161	1
0.721	1	10	73	2	63	20	161	0
0.721	1	8	73	2	71	20	161	0
0.721	1	15	73	2	12	20	161	1
0.721	1	5	73	2	20	20	161	1
0.722	1	4	73	3	78	20	161	0
0.722	1	12	73	3	82	20	161	0
0.722	1	7	73	3	29	20	161	1
0.722	1	9	73	3	39	20	161	1
0.723	1	1	73	4	87	20	161	0
0.723	1	6	73	4	91	20	161	0
0.723	1	2	73	4	50	20	161	1
0.723	1	11	73	4	58	20	161	1
0.724	1	13	73	5	94	20	161	0
0.724	1	3	73	5	96	20	161	0
0.724	1	10	73	5	63	20	161	1
0.724	1	8	73	5	71	20	161	1
0.725	1	14	73	6	1	20	161	0
0.725	1	15	73	6	12	20	161	0
0.725	1	4	73	6	78	20	161	1
0.725	1	12	73	6	82	20	161	1
0.726	1	5	73	7	20	20	161	0
0.726	1	7	73	7	29	20	161	0
0.726	1	1	73	7	87	20	161	1
0.726	1	6	73	7	91	20	161	1
0.727	1	9	73	8	39	20	161	0
0.727	1	2	73	8	50	20	161	0
0.727	1	13	73	8	94	20	161	1
0.727	1	3	73	8	96	20	161	1
0.728	1	11	73	9	58	20	161	0
0.728	1	10	73	9	63	20	161	0
0.728	1	14	73	9	1	20	161	1
0.728	1	15	73	9	12	20	161	1
0.729	1	8	73	10	71	20	161	0
0.729	1	4	73	10	78	20	161	0
0.729	1	5	73	10	20	20	161	1
0.729	1	7	73	10	29	20	161	1
0.73	1	12	74	1	82	20	161	0
0.73	1	1	74	1	87	20	161	0
0.73	1	9	74	1	39	20	161	1
0.73	1	2	74	1	50	20	161	1
0.731	1	6	74	2	91	20	161	0
0.731	1	13	74	2	94	20	161	0
0.731	1	11	74	2	58	20	161	1
0.731	1	10	74	2	63	20	161	1
0.732	1	3	74	3	96	20	161	0
0.732	1	14	74	3	1	20	161	0
0.732	1	8	74	3	71	20	161	1
0.732	1	4	74	3	78	20	161	1
0.733	1	15	74	4	12	20	161	0
0.733	1	5	74	4	20	20	161	0
0.733	1	12	74	4	82	20	161	1
0.733	1	1	74	4	87	20	161	1
0.734	1	7	74	5	29	20	161	0
0.734	1	9	74	5	39	20	161	0
0.734	1	6	74	5	91	20	161	1
0.734	1	13	74	5	94	20	161	1
0.735	1	2	74	6	50	20	161	0
0.735	1	11	74	6	58	20	161	0
0.735	1	3	74	6	96	20	161	1
0.735	1	14	74	6	1	20	161	1
0.736	1	10	74	7	63	20	161	0
0.736	1	8	74	7	71	20	161	0
0.736	1	15	74	7	12	20	161	1
0.736	1	5	74	7	20	20	161	1
0.737	1	4	74	8	78	20	161	0
0.737	1	12	74	8	82	20	161	0
0.737	1	7	74	8	29	20	161	1
0.737	1	9	74	8	39	20	161	1
0.738	1	1	74	9	87	20	161	0
0.738	1	6	74	9	91	20	161	0
0.738	1	2	74	9	50	20	161	1
0.738	1	11	74	9	58	20	161	1
0.739	1	13	74	10	94	20	161	0
0.739	1	3	74	10	96	20	161	0
0.739	1	10	74	10	63	20	161	1
0.739	1	8	74	10	71	20	161	1
0.74	1	14	75	1	1	20	161	0
0.74	1	15	75	1	12	20	161	0
0.74	1	4	75	1	78	20	161	1
0.74	1	12	75	1	82	20	161	1
0.741	1	5	75	2	20	20	161	0
0.741	1	7	75	2	29	20	161	0
0.741	1	1	75	2	87	20	161	1
0.741	1	6	75	2	91	20	161	1
0.742	1	9	75	3	39	20	161	0
0.742	1	2	75	3	50	20	161	0
0.742	1	13	75	3	94	20	161	1
0.742	1	3	75	3	96	20	161	1
0.743	1	11	75	4	58	20	161	0
0.743	1	10	75	4	63	20	161	0
0.743	1	14	75	4	1	20	161	1
0.743	1	15	75	4	12	20	161	1
0.744	1	8	75	5	71	20	161	0
0.744	1	4	75	5	78	20	161	0
0.744	1	5	75	5	20	20	161	1
0.744	1	7	75	5	29	20	161	1
0.745	1	12	75	6	82	20	161	0
0.745	1	1	75	6	87	20	161	0
0.745	1	9	75	6	39	20	161	1
0.745	1	2	75	6	50	20	161	1
0.746	1	6	75	7	91	20	161	0
0.746	1	13	75	7	94	20	161	0
0.746	1	11	75	7	58	20	161	1
0.746	1	10	75	7	63	20	161	1
0.747	1	3	75	8	96	20	161	0
0.747	1	14	75	8	1	20	161	0
0.747	1	8	75	8	71	20	161	1
0.747	1	4	75	8	78	20	161	1
0.748	1	15	75	9	12	20	161	0
0.748	1	5	75	9	20	20	161	0
0.748	1	12	75	9	82	20	161	1
0.748	1	1	75	9	87	20	161	1
0.749	1	7	75	10	29	20	161	0
0.749	1	9	75	10	39	20	161	0
0.749	1	6	75	10	91	20	161	1
0.749	1	13	75	10	94	20	161	1
0.75	1	2	76	1	50	20	161	0
0.75	1	11	76	1	58	20	161	0
0.75	1	3	76	1	96	20	161	1
0.75	1	14	76	1	1	20	161	1
0.751	1	10	76	2	63	20	161	0
0.751	1	8	76	2	71	20	161	0
0.751	1	15	76	2	12	20	161	1
0.751	1	5	76	2	20	20	161	1
0.752	1	4	76	3	78	20	161	0
0.752	1	12	76	3	82	20	161	0
0.752	1	7	76	3	29	20	161	1
0.752	1	9	76	3	39	20	161	1
0.753	1	1	76	4	87	20	161	0
0.753	1	6	76	4	91	20	161	0
0.753	1	2	76	4	50	20	161	1
0.753	1	11	76	4	58	20	161	1
0.754	1	13	76	5	94	20	161	0
0.754	1	3	76	5	96	20	161	0
0.754	1	10	76	5	63	20	161	1
0.754	1	8	76	5	71	20	161	1
0.755	1	14	76	6	1	20	161	0
0.755	1	15	76	6	12	20	161	0
0.755	1	4	76	6	78	20	161	1
0.755	1	12	76	6	82	20	161	1
0.756	1	5	76	7	20	20	161	0
0.756	1	7	76	7	29	20	161	0
0.756	1	1	76	7	87	20	161	1
0.756	1	6	76	7	91	20	161	1
0.757	1	9	76	8	39	20	161	0
0.757	1	2	76	8	50	20	161	0
0.757	1	13	76	8	94	20	161	1
0.757	1	3	76	8	96	20	161	1
0.758	1	11	76	9	58	20	161	0
0.758	1	10	76	9	63	20	161	0
0.758	1	14	76	9	1	20	161	1
0.758	1	15	76	9	12	20	161	1
0.759	1	8	76	10	71	20	161	0
0.759	1	4	76	10	78	20	161	0
0.759	1	5	76	10	20	20	161	1
0.759	1	7	76	10	29	20	161	1
0.76	1	12	77	1	82	20	161	0
0.76	1	1	77	1	87	20	161	0
0.76	1	9	77	1	39	20	161	1
0.76	1	2	77	1	50	20	161	1
0.761	1	6	77	2	91	20	161	0
0.761	1	13	77	2	94	20	161	0
0.761	1	11	77	2	58	20	161	1
0.761	1	10	77	2	63	20	161	1
0.762	1	3	77	3	96	20	161	0
0.762	1	14	77	3	1	20	161	0
0.762	1	8	77	3	71	20	161	1
0.762	1	4	77	3	78	20	161	1
0.763	1	15	77	4	12	20	161	0
0.763	1	5	77	4	20	20	161	0
0.763	1	12	77	4	82	20	161	1
0.763	1	1	77	4	87	20	161	1
0.764	1	7	77	5	29	20	161	0
0.764	1	9	77	5	39	20	161	0
0.764	1	6	77	5	91	20	161	1
0.764	1	13	77	5	94	20	161	1
0.765	1	2	77	6	50	20	161	0
0.765	1	11	77	6	58	20	161	0
0.765	1	3	77	6	96	20	161	1
0.765	1	14	77	6	1	20	161	1
0.766	1	10	77	7	63	20	161	0
0.766	1	8	77	7	71	20	161	0
0.766	1	15	77	7	12	20	161	1
0.766	1	5	77	7	20	20	161	1
0.767	1	4	77	8	78	20	161	0
0.767	1	12	77	8	82	20	161	0
0.767	1	7	77	8	29	20	161	1
0.767	1	9	77	8	39	20	161	1
0.768	1	1	77	9	87	20	161	0
0.768	1	6	77	9	91	20	161	0
0.768	1	2	77	9	50	20	161	1
0.768	1	11	77	9	58	20	161	1
0.769	1	13	77	10	94	20	161	0
0.769	1	3	77	10	96	20	161	0
0.769	1	10	77	10	63	20	161	1
0.769	1	8	77	10	71	20	161	1
0.77	1	14	78	1	1	20	161	0
0.77	1	15	78	1	12	20	161	0
0.77	1	4	78	1	78	20	161	1
0.77	1	12	78	1	82	20	161	1
1.633	2	1	164	4	1	0	85	0
0.771	1	5	78	2	20	20	161	0
0.771	1	7	78	2	29	20	161	0
0.771	1	1	78	2	87	20	161	1
0.771	1	6	78	2	91	20	161	1
0.772	1	9	78	3	39	20	161	0
0.772	1	2	78	3	50	20	161	0
0.772	1	13	78	3	94	20	161	1
0.772	1	3	78	3	96	20	161	1
0.773	1	11	78	4	58	20	161	0
0.773	1	10	78	4	63	20	161	0
0.773	1	14	78	4	1	20	161	1
0.773	1	15	78	4	12	20	161	1
1.649	2	1	165	10	1	28	2292	0
1.65	2	1	166	1	1	28	2292	0
1.651	2	1	166	2	1	28	2292	0
1.652	2	1	166	3	1	28	2292	0
0.774	1	8	78	5	71	20	161	0
0.774	1	4	78	5	78	20	161	0
1.653	2	1	166	4	1	28	2292	0
0.774	1	5	78	5	20	20	161	1
0.774	1	7	78	5	29	20	161	1
1.654	2	1	166	5	1	28	2292	0
1.655	2	1	166	6	1	28	2292	0
1.656	2	1	166	7	1	28	2292	0
1.657	2	1	166	8	1	28	2292	0
1.658	2	1	166	9	1	28	2292	0
0.775	1	12	78	6	82	20	161	0
0.775	1	1	78	6	87	20	161	0
0.775	1	9	78	6	39	20	161	1
0.775	1	2	78	6	50	20	161	1
1.659	2	1	166	10	1	28	2292	0
1.66	2	1	167	1	1	28	2292	0
0.776	1	6	78	7	91	20	161	0
1.661	2	1	167	2	1	28	2292	0
0.776	1	13	78	7	94	20	161	0
0.776	1	11	78	7	58	20	161	1
0.776	1	10	78	7	63	20	161	1
1.662	2	1	167	3	1	28	2292	0
1.663	2	1	167	4	1	28	2292	0
1.664	2	1	167	5	1	28	2292	0
1.665	2	1	167	6	1	28	2292	0
0.777	1	3	78	8	96	20	161	0
0.777	1	14	78	8	1	20	161	0
0.777	1	8	78	8	71	20	161	1
0.777	1	4	78	8	78	20	161	1
1.666	2	1	167	7	1	28	2292	0
1.667	2	1	167	8	1	28	2292	0
0.778	1	15	78	9	12	20	161	0
0.778	1	5	78	9	20	20	161	0
1.668	2	1	167	9	1	28	2292	0
0.778	1	12	78	9	82	20	161	1
0.778	1	1	78	9	87	20	161	1
1.669	2	1	167	10	1	28	2292	0
1.67	2	1	168	1	1	28	2292	0
1.671	2	1	168	2	1	28	2292	0
0.779	1	7	78	10	29	20	161	0
0.779	1	9	78	10	39	20	161	0
1.672	2	1	168	3	1	28	2292	0
0.779	1	6	78	10	91	20	161	1
0.779	1	13	78	10	94	20	161	1
1.673	2	1	168	4	1	28	2292	0
1.674	2	1	168	5	1	28	2292	0
1.675	2	1	168	6	1	28	2292	0
0.78	1	2	79	1	50	20	161	0
0.78	1	11	79	1	58	20	161	0
0.78	1	3	79	1	96	20	161	1
0.78	1	14	79	1	1	20	161	1
1.676	2	1	168	7	1	28	2292	0
1.677	2	1	168	8	1	28	2292	0
1.678	2	1	168	9	1	28	2292	0
1.679	2	1	168	10	1	28	2292	0
0.781	1	10	79	2	63	20	161	0
0.781	1	8	79	2	71	20	161	0
0.781	1	15	79	2	12	20	161	1
0.781	1	5	79	2	20	20	161	1
1.68	2	1	169	1	1	28	2292	0
1.681	2	1	169	2	1	28	2292	0
0.782	1	4	79	3	78	20	161	0
0.782	1	12	79	3	82	20	161	0
0.782	1	7	79	3	29	20	161	1
0.782	1	9	79	3	39	20	161	1
1.682	2	1	169	3	1	28	2292	0
1.683	2	1	169	4	1	28	2292	0
1.684	2	1	169	5	1	28	2292	0
1.685	2	1	169	6	1	28	2292	0
0.783	1	1	79	4	87	20	161	0
0.783	1	6	79	4	91	20	161	0
0.783	1	2	79	4	50	20	161	1
0.783	1	11	79	4	58	20	161	1
1.686	2	1	169	7	1	28	2292	0
1.687	2	1	169	8	1	28	2292	0
0.784	1	13	79	5	94	20	161	0
0.784	1	3	79	5	96	20	161	0
1.688	2	1	169	9	1	28	2292	0
0.784	1	10	79	5	63	20	161	1
0.784	1	8	79	5	71	20	161	1
1.689	2	1	169	10	1	28	2292	0
1.69	2	1	170	1	1	28	2292	0
1.691	2	1	170	2	1	28	2292	0
0.785	1	14	79	6	1	20	161	0
0.785	1	15	79	6	12	20	161	0
0.785	1	4	79	6	78	20	161	1
0.785	1	12	79	6	82	20	161	1
1.692	2	1	170	3	1	28	2292	0
1.693	2	1	170	4	1	28	2292	0
0.786	1	5	79	7	20	20	161	0
0.786	1	7	79	7	29	20	161	0
0.786	1	1	79	7	87	20	161	1
1.694	2	1	170	5	1	28	2292	0
0.786	1	6	79	7	91	20	161	1
1.695	2	1	170	6	1	28	2292	0
1.696	2	1	170	7	1	28	2292	0
1.697	2	1	170	8	1	28	2292	0
0.787	1	9	79	8	39	20	161	0
0.787	1	2	79	8	50	20	161	0
1.698	2	1	170	9	1	28	2292	0
0.787	1	13	79	8	94	20	161	1
0.787	1	3	79	8	96	20	161	1
1.699	2	1	170	10	1	28	2292	0
1.7	2	1	171	1	1	28	2292	0
0.788	1	11	79	9	58	20	161	0
0.788	1	10	79	9	63	20	161	0
0.788	1	14	79	9	1	20	161	1
0.788	1	15	79	9	12	20	161	1
1.701	2	1	171	2	1	28	2292	0
1.702	2	1	171	3	1	28	2292	0
1.703	2	1	171	4	1	28	2292	0
1.704	2	1	171	5	1	28	2292	0
1.705	2	1	171	6	1	28	2292	0
0.789	1	8	79	10	71	20	161	0
0.789	1	4	79	10	78	20	161	0
0.789	1	5	79	10	20	20	161	1
0.789	1	7	79	10	29	20	161	1
1.706	2	1	171	7	1	28	2292	0
0.79	1	12	80	1	82	20	161	0
0.79	1	1	80	1	87	20	161	0
1.707	2	1	171	8	1	28	2292	0
0.79	1	9	80	1	39	20	161	1
0.79	1	2	80	1	50	20	161	1
1.708	2	1	171	9	1	28	2292	0
1.709	2	1	171	10	1	28	2292	0
0.791	1	6	80	2	91	20	161	0
0.791	1	13	80	2	94	20	161	0
0.791	1	11	80	2	58	20	161	1
0.791	1	10	80	2	63	20	161	1
1.71	2	1	172	1	1	28	2292	0
1.711	2	1	172	2	1	28	2292	0
0.792	1	3	80	3	96	20	161	0
0.792	1	14	80	3	1	20	161	0
0.792	1	8	80	3	71	20	161	1
0.792	1	4	80	3	78	20	161	1
1.712	2	1	172	3	1	28	2292	0
1.713	2	1	172	4	1	28	2292	0
0.793	1	15	80	4	12	20	161	0
0.793	1	5	80	4	20	20	161	0
0.793	1	12	80	4	82	20	161	1
0.793	1	1	80	4	87	20	161	1
1.714	2	1	172	5	1	28	2292	0
1.715	2	1	172	6	1	28	2292	0
0.794	1	7	80	5	29	20	161	0
0.794	1	9	80	5	39	20	161	0
0.794	1	6	80	5	91	20	161	1
0.794	1	13	80	5	94	20	161	1
1.716	2	1	172	7	1	28	2292	0
1.717	2	1	172	8	1	28	2292	0
0.795	1	2	80	6	50	20	161	0
0.795	1	11	80	6	58	20	161	0
1.718	2	1	172	9	1	28	2292	0
0.795	1	3	80	6	96	20	161	1
0.795	1	14	80	6	1	20	161	1
1.719	2	1	172	10	1	28	2292	0
0.796	1	10	80	7	63	20	161	0
0.796	1	8	80	7	71	20	161	0
1.72	2	1	173	1	1	28	2292	0
0.796	1	15	80	7	12	20	161	1
0.796	1	5	80	7	20	20	161	1
1.721	2	1	173	2	1	28	2292	0
1.722	2	1	173	3	1	28	2292	0
1.723	2	1	173	4	1	28	2292	0
0.797	1	4	80	8	78	20	161	0
0.797	1	12	80	8	82	20	161	0
0.797	1	7	80	8	29	20	161	1
0.797	1	9	80	8	39	20	161	1
1.724	2	1	173	5	1	28	2292	0
1.725	2	1	173	6	1	28	2292	0
1.726	2	1	173	7	1	28	2292	0
0.798	1	1	80	9	87	20	161	0
0.798	1	6	80	9	91	20	161	0
0.798	1	2	80	9	50	20	161	1
0.798	1	11	80	9	58	20	161	1
1.727	2	1	173	8	1	28	2292	0
1.728	2	1	173	9	1	28	2292	0
1.729	2	1	173	10	1	28	2292	0
0.799	1	13	80	10	94	20	161	0
0.799	1	3	80	10	96	20	161	0
1.73	2	1	174	1	1	28	2292	0
0.799	1	10	80	10	63	20	161	1
0.799	1	8	80	10	71	20	161	1
1.731	2	1	174	2	1	28	2292	0
1.732	2	1	174	3	1	28	2292	0
0.8	1	14	81	1	1	20	161	0
0.8	1	15	81	1	12	20	161	0
0.8	1	4	81	1	78	20	161	1
0.8	1	12	81	1	82	20	161	1
1.733	2	1	174	4	1	28	2292	0
1.734	2	1	174	5	1	28	2292	0
0.801	1	5	81	2	20	20	161	0
0.801	1	7	81	2	29	20	161	0
0.801	1	1	81	2	87	20	161	1
0.801	1	6	81	2	91	20	161	1
1.735	2	1	174	6	1	28	2292	0
1.736	2	1	174	7	1	28	2292	0
0.802	1	9	81	3	39	20	161	0
0.802	1	2	81	3	50	20	161	0
0.802	1	13	81	3	94	20	161	1
0.802	1	3	81	3	96	20	161	1
1.737	2	1	174	8	1	28	2292	0
1.738	2	1	174	9	1	28	2292	0
1.739	2	1	174	10	1	28	2292	0
0.803	1	11	81	4	58	20	161	0
0.803	1	10	81	4	63	20	161	0
0.803	1	14	81	4	1	20	161	1
0.803	1	15	81	4	12	20	161	1
1.74	2	1	175	1	1	28	2292	0
0.804	1	8	81	5	71	20	161	0
0.804	1	4	81	5	78	20	161	0
0.804	1	5	81	5	20	20	161	1
0.804	1	7	81	5	29	20	161	1
1.741	2	1	175	2	1	28	2292	0
1.742	2	1	175	3	1	28	2292	0
1.743	2	1	175	4	1	28	2292	0
0.805	1	12	81	6	82	20	161	0
0.805	1	1	81	6	87	20	161	0
0.805	1	9	81	6	39	20	161	1
0.805	1	2	81	6	50	20	161	1
1.744	2	1	175	5	1	28	2292	0
0.806	1	6	81	7	91	20	161	0
0.806	1	13	81	7	94	20	161	0
0.806	1	11	81	7	58	20	161	1
0.806	1	10	81	7	63	20	161	1
1.745	2	1	175	6	1	28	2292	0
1.746	2	1	175	7	1	28	2292	0
1.747	2	1	175	8	1	28	2292	0
1.748	2	1	175	9	1	28	2292	0
0.807	1	3	81	8	96	20	161	0
0.807	1	14	81	8	1	20	161	0
0.807	1	8	81	8	71	20	161	1
0.807	1	4	81	8	78	20	161	1
1.749	2	1	175	10	1	28	2292	0
0.808	1	15	81	9	12	20	161	0
0.808	1	5	81	9	20	20	161	0
0.808	1	12	81	9	82	20	161	1
0.808	1	1	81	9	87	20	161	1
1.75	2	1	176	1	1	28	2292	0
1.751	2	1	176	2	1	28	2292	0
1.752	2	1	176	3	1	28	2292	0
0.809	1	7	81	10	29	20	161	0
0.809	1	9	81	10	39	20	161	0
0.809	1	6	81	10	91	20	161	1
0.809	1	13	81	10	94	20	161	1
1.753	2	1	176	4	1	28	2292	0
1.754	2	1	176	5	1	28	2292	0
0.81	1	2	82	1	50	20	161	0
0.81	1	11	82	1	58	20	161	0
0.81	1	3	82	1	96	20	161	1
0.81	1	14	82	1	1	20	161	1
1.755	2	1	176	6	1	28	2292	0
0.811	1	10	82	2	63	20	161	0
0.811	1	8	82	2	71	20	161	0
1.756	2	1	176	7	1	28	2292	0
0.811	1	15	82	2	12	20	161	1
0.811	1	5	82	2	20	20	161	1
1.757	2	1	176	8	1	28	2292	0
0.812	1	4	82	3	78	20	161	0
0.812	1	12	82	3	82	20	161	0
0.812	1	7	82	3	29	20	161	1
0.812	1	9	82	3	39	20	161	1
1.758	2	1	176	9	1	28	2292	0
1.759	2	1	176	10	1	28	2292	0
1.76	2	1	177	1	1	28	2292	0
0.813	1	1	82	4	87	20	161	0
0.813	1	6	82	4	91	20	161	0
0.813	1	2	82	4	50	20	161	1
0.813	1	11	82	4	58	20	161	1
1.761	2	1	177	2	1	28	2292	0
0.814	1	13	82	5	94	20	161	0
0.814	1	3	82	5	96	20	161	0
1.762	2	1	177	3	1	28	2292	0
0.814	1	10	82	5	63	20	161	1
0.814	1	8	82	5	71	20	161	1
1.763	2	1	177	4	1	28	2292	0
0.815	1	14	82	6	1	20	161	0
0.815	1	15	82	6	12	20	161	0
1.764	2	1	177	5	1	28	2292	0
0.815	1	4	82	6	78	20	161	1
0.815	1	12	82	6	82	20	161	1
1.765	2	1	177	6	1	28	2292	0
1.766	2	1	177	7	1	28	2292	0
0.816	1	5	82	7	20	20	161	0
0.816	1	7	82	7	29	20	161	0
0.816	1	1	82	7	87	20	161	1
0.816	1	6	82	7	91	20	161	1
1.767	2	1	177	8	1	28	2292	0
1.768	2	1	177	9	1	28	2292	0
0.817	1	9	82	8	39	20	161	0
0.817	1	2	82	8	50	20	161	0
0.817	1	13	82	8	94	20	161	1
0.817	1	3	82	8	96	20	161	1
1.769	2	1	177	10	1	28	2292	0
0.818	1	11	82	9	58	20	161	0
0.818	1	10	82	9	63	20	161	0
1.77	2	1	178	1	1	28	2292	0
0.818	1	14	82	9	1	20	161	1
0.818	1	15	82	9	12	20	161	1
1.771	2	1	178	2	1	28	2292	0
1.772	2	1	178	3	1	28	2292	0
1.773	2	1	178	4	1	28	2292	0
0.819	1	8	82	10	71	20	161	0
0.819	1	4	82	10	78	20	161	0
0.819	1	5	82	10	20	20	161	1
0.819	1	7	82	10	29	20	161	1
1.774	2	1	178	5	1	28	2292	0
1.775	2	1	178	6	1	28	2292	0
0.82	1	12	83	1	82	20	161	0
0.82	1	1	83	1	87	20	161	0
0.82	1	9	83	1	39	20	161	1
0.82	1	2	83	1	50	20	161	1
1.776	2	1	178	7	1	28	2292	0
1.777	2	1	178	8	1	28	2292	0
1.778	2	1	178	9	1	28	2292	0
0.821	1	6	83	2	91	20	161	0
0.821	1	13	83	2	94	20	161	0
0.821	1	11	83	2	58	20	161	1
0.821	1	10	83	2	63	20	161	1
1.779	2	1	178	10	1	28	2292	0
0.822	1	3	83	3	96	20	161	0
0.822	1	14	83	3	1	20	161	0
1.78	2	1	179	1	1	28	2292	0
0.822	1	8	83	3	71	20	161	1
0.822	1	4	83	3	78	20	161	1
1.781	2	1	179	2	1	28	2292	0
1.782	2	1	179	3	1	28	2292	0
0.823	1	15	83	4	12	20	161	0
0.823	1	5	83	4	20	20	161	0
1.783	2	1	179	4	1	28	2292	0
0.823	1	12	83	4	82	20	161	1
0.823	1	1	83	4	87	20	161	1
1.784	2	1	179	5	1	28	2292	0
0.824	1	7	83	5	29	20	161	0
0.824	1	9	83	5	39	20	161	0
0.824	1	6	83	5	91	20	161	1
0.824	1	13	83	5	94	20	161	1
1.785	2	1	179	6	1	28	2292	0
1.786	2	1	179	7	1	28	2292	0
1.787	2	1	179	8	1	28	2292	0
0.825	1	2	83	6	50	20	161	0
0.825	1	11	83	6	58	20	161	0
0.825	1	3	83	6	96	20	161	1
0.825	1	14	83	6	1	20	161	1
1.788	2	1	179	9	1	28	2292	0
1.789	2	1	179	10	1	28	2292	0
0.826	1	10	83	7	63	20	161	0
0.826	1	8	83	7	71	20	161	0
0.826	1	15	83	7	12	20	161	1
0.826	1	5	83	7	20	20	161	1
1.79	2	1	180	1	1	28	2292	0
1.791	2	1	180	2	1	28	2292	0
1.792	2	1	180	3	1	28	2292	0
0.827	1	4	83	8	78	20	161	0
0.827	1	12	83	8	82	20	161	0
0.827	1	7	83	8	29	20	161	1
0.827	1	9	83	8	39	20	161	1
1.793	2	1	180	4	1	28	2292	0
0.828	1	1	83	9	87	20	161	0
0.828	1	6	83	9	91	20	161	0
1.794	2	1	180	5	1	28	2292	0
0.828	1	2	83	9	50	20	161	1
0.828	1	11	83	9	58	20	161	1
1.795	2	1	180	6	1	28	2292	0
1.796	2	1	180	7	1	28	2292	0
0.829	1	13	83	10	94	20	161	0
0.829	1	3	83	10	96	20	161	0
1.797	2	1	180	8	1	28	2292	0
0.829	1	10	83	10	63	20	161	1
0.829	1	8	83	10	71	20	161	1
1.798	2	1	180	9	1	28	2292	0
0.83	1	14	84	1	1	20	161	0
0.83	1	15	84	1	12	20	161	0
0.83	1	4	84	1	78	20	161	1
0.83	1	12	84	1	82	20	161	1
1.799	2	1	180	10	1	28	2292	0
1.8	2	1	181	1	1	28	2292	0
1.801	2	1	181	2	1	28	2292	0
0.831	1	5	84	2	20	20	161	0
0.831	1	7	84	2	29	20	161	0
0.831	1	1	84	2	87	20	161	1
0.831	1	6	84	2	91	20	161	1
1.802	2	1	181	3	1	28	2292	0
1.803	2	1	181	4	1	28	2292	0
0.832	1	9	84	3	39	20	161	0
0.832	1	2	84	3	50	20	161	0
0.832	1	13	84	3	94	20	161	1
0.832	1	3	84	3	96	20	161	1
1.804	2	1	181	5	1	28	2292	0
1.805	2	1	181	6	1	28	2292	0
0.833	1	11	84	4	58	20	161	0
0.833	1	10	84	4	63	20	161	0
0.833	1	14	84	4	1	20	161	1
0.833	1	15	84	4	12	20	161	1
1.806	2	1	181	7	1	28	2292	0
1.807	2	1	181	8	1	28	2292	0
0.834	1	8	84	5	71	20	161	0
0.834	1	4	84	5	78	20	161	0
0.834	1	5	84	5	20	20	161	1
0.834	1	7	84	5	29	20	161	1
1.808	2	1	181	9	1	28	2292	0
1.809	2	1	181	10	1	28	2292	0
1.81	2	1	182	1	1	28	2292	0
0.835	1	12	84	6	82	20	161	0
0.835	1	1	84	6	87	20	161	0
0.835	1	9	84	6	39	20	161	1
0.835	1	2	84	6	50	20	161	1
1.811	2	1	182	2	1	28	2292	0
1.812	2	1	182	3	1	28	2292	0
0.836	1	6	84	7	91	20	161	0
0.836	1	13	84	7	94	20	161	0
0.836	1	11	84	7	58	20	161	1
0.836	1	10	84	7	63	20	161	1
1.813	2	1	182	4	1	28	2292	0
1.814	2	1	182	5	1	28	2292	0
1.815	2	1	182	6	1	28	2292	0
0.837	1	3	84	8	96	20	161	0
0.837	1	14	84	8	1	20	161	0
0.837	1	8	84	8	71	20	161	1
0.837	1	4	84	8	78	20	161	1
1.816	2	1	182	7	1	28	2292	0
1.817	2	1	182	8	1	28	2292	0
0.838	1	15	84	9	12	20	161	0
0.838	1	5	84	9	20	20	161	0
0.838	1	12	84	9	82	20	161	1
0.838	1	1	84	9	87	20	161	1
1.818	2	1	182	9	1	28	2292	0
1.819	2	1	182	10	1	28	2292	0
1.82	2	1	183	1	1	28	2292	0
0.839	1	7	84	10	29	20	161	0
0.839	1	9	84	10	39	20	161	0
0.839	1	6	84	10	91	20	161	1
0.839	1	13	84	10	94	20	161	1
1.821	2	1	183	2	1	28	2292	0
0.84	1	2	85	1	50	20	161	0
0.84	1	11	85	1	58	20	161	0
0.84	1	3	85	1	96	20	161	1
0.84	1	14	85	1	1	20	161	1
1.822	2	1	183	3	1	28	2292	0
1.823	2	1	183	4	1	28	2292	0
1.824	2	1	183	5	1	28	2292	0
0.841	1	10	85	2	63	20	161	0
0.841	1	8	85	2	71	20	161	0
0.841	1	15	85	2	12	20	161	1
0.841	1	5	85	2	20	20	161	1
1.825	2	1	183	6	1	28	2292	0
0.842	1	4	85	3	78	20	161	0
0.842	1	12	85	3	82	20	161	0
1.826	2	1	183	7	1	28	2292	0
0.842	1	7	85	3	29	20	161	1
0.842	1	9	85	3	39	20	161	1
1.827	2	1	183	8	1	28	2292	0
1.828	2	1	183	9	1	28	2292	0
0.843	1	1	85	4	87	20	161	0
0.843	1	6	85	4	91	20	161	0
0.843	1	2	85	4	50	20	161	1
0.843	1	11	85	4	58	20	161	1
1.829	2	1	183	10	1	28	2292	0
1.83	2	1	184	1	1	28	2292	0
0.844	1	13	85	5	94	20	161	0
1.831	2	1	184	2	1	28	2292	0
0.844	1	3	85	5	96	20	161	0
0.844	1	10	85	5	63	20	161	1
0.844	1	8	85	5	71	20	161	1
1.832	2	1	184	3	1	28	2292	0
1.833	2	1	184	4	1	28	2292	0
0.845	1	14	85	6	1	20	161	0
0.845	1	15	85	6	12	20	161	0
0.845	1	4	85	6	78	20	161	1
0.845	1	12	85	6	82	20	161	1
1.834	2	1	184	5	1	28	2292	0
1.835	2	1	184	6	1	28	2292	0
0.846	1	5	85	7	20	20	161	0
0.846	1	7	85	7	29	20	161	0
0.846	1	1	85	7	87	20	161	1
0.846	1	6	85	7	91	20	161	1
1.836	2	1	184	7	1	28	2292	0
1.837	2	1	184	8	1	28	2292	0
1.838	2	1	184	9	1	28	2292	0
0.847	1	9	85	8	39	20	161	0
0.847	1	2	85	8	50	20	161	0
0.847	1	13	85	8	94	20	161	1
0.847	1	3	85	8	96	20	161	1
1.839	2	1	184	10	1	28	2292	0
0.848	1	11	85	9	58	20	161	0
0.848	1	10	85	9	63	20	161	0
1.84	2	1	185	1	1	28	2292	0
0.848	1	14	85	9	1	20	161	1
0.848	1	15	85	9	12	20	161	1
1.841	2	1	185	2	1	28	2292	0
1.842	2	1	185	3	1	28	2292	0
0.849	1	8	85	10	71	20	161	0
0.849	1	4	85	10	78	20	161	0
0.849	1	5	85	10	20	20	161	1
0.849	1	7	85	10	29	20	161	1
1.843	2	1	185	4	1	28	2292	0
1.844	2	1	185	5	1	28	2292	0
0.85	1	12	86	1	82	20	161	0
0.85	1	1	86	1	87	20	161	0
0.85	1	9	86	1	39	20	161	1
0.85	1	2	86	1	50	20	161	1
1.845	2	1	185	6	1	28	2292	0
1.846	2	1	185	7	1	28	2292	0
1.847	2	1	185	8	1	28	2292	0
0.851	1	6	86	2	91	20	161	0
0.851	1	13	86	2	94	20	161	0
0.851	1	11	86	2	58	20	161	1
0.851	1	10	86	2	63	20	161	1
1.848	2	1	185	9	1	28	2292	0
0.852	1	3	86	3	96	20	161	0
0.852	1	14	86	3	1	20	161	0
0.852	1	8	86	3	71	20	161	1
0.852	1	4	86	3	78	20	161	1
1.849	2	1	185	10	1	28	2292	0
1.85	2	1	186	1	1	28	2292	0
1.851	2	1	186	2	1	28	2292	0
0.853	1	15	86	4	12	20	161	0
0.853	1	5	86	4	20	20	161	0
0.853	1	12	86	4	82	20	161	1
0.853	1	1	86	4	87	20	161	1
1.852	2	1	186	3	1	28	2292	0
1.853	2	1	186	4	1	28	2292	0
0.854	1	7	86	5	29	20	161	0
0.854	1	9	86	5	39	20	161	0
0.854	1	6	86	5	91	20	161	1
0.854	1	13	86	5	94	20	161	1
1.854	2	1	186	5	1	28	2292	0
1.855	2	1	186	6	1	28	2292	0
0.855	1	2	86	6	50	20	161	0
0.855	1	11	86	6	58	20	161	0
1.856	2	1	186	7	1	28	2292	0
0.855	1	3	86	6	96	20	161	1
0.855	1	14	86	6	1	20	161	1
1.857	2	1	186	8	1	28	2292	0
0.856	1	10	86	7	63	20	161	0
0.856	1	8	86	7	71	20	161	0
0.856	1	15	86	7	12	20	161	1
0.856	1	5	86	7	20	20	161	1
1.858	2	1	186	9	1	28	2292	0
1.859	2	1	186	10	1	28	2292	0
1.86	2	1	187	1	1	28	2292	0
0.857	1	4	86	8	78	20	161	0
0.857	1	12	86	8	82	20	161	0
0.857	1	7	86	8	29	20	161	1
0.857	1	9	86	8	39	20	161	1
1.861	2	1	187	2	1	28	2292	0
1.862	2	1	187	3	1	28	2292	0
0.858	1	1	86	9	87	20	161	0
0.858	1	6	86	9	91	20	161	0
0.858	1	2	86	9	50	20	161	1
0.858	1	11	86	9	58	20	161	1
1.863	2	1	187	4	1	28	2292	0
1.864	2	1	187	5	1	28	2292	0
1.865	2	1	187	6	1	28	2292	0
0.859	1	13	86	10	94	20	161	0
0.859	1	3	86	10	96	20	161	0
0.859	1	10	86	10	63	20	161	1
0.859	1	8	86	10	71	20	161	1
1.866	2	1	187	7	1	28	2292	0
1.867	2	1	187	8	1	28	2292	0
0.86	1	14	87	1	1	20	161	0
0.86	1	15	87	1	12	20	161	0
0.86	1	4	87	1	78	20	161	1
0.86	1	12	87	1	82	20	161	1
1.868	2	1	187	9	1	28	2292	0
1.869	2	1	187	10	1	28	2292	0
1.87	2	1	188	1	1	28	2292	0
1.871	2	1	188	2	1	28	2292	0
0.861	1	5	87	2	20	20	161	0
0.861	1	7	87	2	29	20	161	0
0.861	1	1	87	2	87	20	161	1
0.861	1	6	87	2	91	20	161	1
1.872	2	1	188	3	1	28	2292	0
1.873	2	1	188	4	1	28	2292	0
0.862	1	9	87	3	39	20	161	0
0.862	1	2	87	3	50	20	161	0
0.862	1	13	87	3	94	20	161	1
0.862	1	3	87	3	96	20	161	1
1.874	2	1	188	5	1	28	2292	0
1.875	2	1	188	6	1	28	2292	0
1.876	2	1	188	7	1	28	2292	0
0.863	1	11	87	4	58	20	161	0
0.863	1	10	87	4	63	20	161	0
0.863	1	14	87	4	1	20	161	1
0.863	1	15	87	4	12	20	161	1
1.877	2	1	188	8	1	28	2292	0
1.878	2	1	188	9	1	28	2292	0
0.864	1	8	87	5	71	20	161	0
0.864	1	4	87	5	78	20	161	0
1.879	2	1	188	10	1	28	2292	0
0.864	1	5	87	5	20	20	161	1
0.864	1	7	87	5	29	20	161	1
1.88	2	1	189	1	1	28	2292	0
1.881	2	1	189	2	1	28	2292	0
0.865	1	12	87	6	82	20	161	0
0.865	1	1	87	6	87	20	161	0
0.865	1	9	87	6	39	20	161	1
0.865	1	2	87	6	50	20	161	1
1.882	2	1	189	3	1	28	2292	0
1.883	2	1	189	4	1	28	2292	0
0.866	1	6	87	7	91	20	161	0
0.866	1	13	87	7	94	20	161	0
0.866	1	11	87	7	58	20	161	1
0.866	1	10	87	7	63	20	161	1
1.884	2	1	189	5	1	28	2292	0
1.885	2	1	189	6	1	28	2292	0
0.867	1	3	87	8	96	20	161	0
0.867	1	14	87	8	1	20	161	0
0.867	1	8	87	8	71	20	161	1
0.867	1	4	87	8	78	20	161	1
1.886	2	1	189	7	1	28	2292	0
1.887	2	1	189	8	1	28	2292	0
0.868	1	15	87	9	12	20	161	0
0.868	1	5	87	9	20	20	161	0
0.868	1	12	87	9	82	20	161	1
0.868	1	1	87	9	87	20	161	1
1.888	2	1	189	9	1	28	2292	0
1.889	2	1	189	10	1	28	2292	0
0.869	1	7	87	10	29	20	161	0
0.869	1	9	87	10	39	20	161	0
0.869	1	6	87	10	91	20	161	1
0.869	1	13	87	10	94	20	161	1
1.89	2	1	190	1	1	28	2292	0
1.891	2	1	190	2	1	28	2292	0
0.87	1	2	88	1	50	20	161	0
0.87	1	11	88	1	58	20	161	0
0.87	1	3	88	1	96	20	161	1
0.87	1	14	88	1	1	20	161	1
1.892	2	1	190	3	1	28	2292	0
1.893	2	1	190	4	1	28	2292	0
1.894	2	1	190	5	1	28	2292	0
0.871	1	10	88	2	63	20	161	0
0.871	1	8	88	2	71	20	161	0
0.871	1	15	88	2	12	20	161	1
1.895	2	1	190	6	1	28	2292	0
0.871	1	5	88	2	20	20	161	1
1.896	2	1	190	7	1	28	2292	0
1.897	2	1	190	8	1	28	2292	0
0.872	1	4	88	3	78	20	161	0
0.872	1	12	88	3	82	20	161	0
0.872	1	7	88	3	29	20	161	1
0.872	1	9	88	3	39	20	161	1
1.898	2	1	190	9	1	28	2292	0
1.899	2	1	190	10	1	28	2292	0
1.9	2	1	191	1	1	28	2292	0
0.873	1	1	88	4	87	20	161	0
0.873	1	6	88	4	91	20	161	0
0.873	1	2	88	4	50	20	161	1
0.873	1	11	88	4	58	20	161	1
1.901	2	1	191	2	1	28	2292	0
1.902	2	1	191	3	1	28	2292	0
0.874	1	13	88	5	94	20	161	0
0.874	1	3	88	5	96	20	161	0
0.874	1	10	88	5	63	20	161	1
0.874	1	8	88	5	71	20	161	1
1.903	2	1	191	4	1	28	2292	0
1.904	2	1	191	5	1	28	2292	0
1.905	2	1	191	6	1	28	2292	0
0.875	1	14	88	6	1	20	161	0
0.875	1	15	88	6	12	20	161	0
1.906	2	1	191	7	1	28	2292	0
0.875	1	4	88	6	78	20	161	1
0.875	1	12	88	6	82	20	161	1
1.907	2	1	191	8	1	28	2292	0
0.876	1	5	88	7	20	20	161	0
0.876	1	7	88	7	29	20	161	0
0.876	1	1	88	7	87	20	161	1
0.876	1	6	88	7	91	20	161	1
1.908	2	1	191	9	1	28	2292	0
1.909	2	1	191	10	1	28	2292	0
1.91	2	1	192	1	1	28	2292	0
0.877	1	9	88	8	39	20	161	0
0.877	1	2	88	8	50	20	161	0
0.877	1	13	88	8	94	20	161	1
0.877	1	3	88	8	96	20	161	1
1.911	2	1	192	2	1	28	2292	0
1.912	2	1	192	3	1	28	2292	0
0.878	1	11	88	9	58	20	161	0
0.878	1	10	88	9	63	20	161	0
0.878	1	14	88	9	1	20	161	1
0.878	1	15	88	9	12	20	161	1
1.913	2	1	192	4	1	28	2292	0
1.914	2	1	192	5	1	28	2292	0
1.915	2	1	192	6	1	28	2292	0
0.879	1	8	88	10	71	20	161	0
0.879	1	4	88	10	78	20	161	0
0.879	1	5	88	10	20	20	161	1
0.879	1	7	88	10	29	20	161	1
1.916	2	1	192	7	1	28	2292	0
1.917	2	1	192	8	1	28	2292	0
0.88	1	12	89	1	82	20	161	0
0.88	1	1	89	1	87	20	161	0
0.88	1	9	89	1	39	20	161	1
0.88	1	2	89	1	50	20	161	1
1.918	2	1	192	9	1	28	2292	0
1.919	2	1	192	10	1	28	2292	0
1.92	2	1	193	1	1	28	2292	0
0.881	1	6	89	2	91	20	161	0
0.881	1	13	89	2	94	20	161	0
0.881	1	11	89	2	58	20	161	1
0.881	1	10	89	2	63	20	161	1
1.921	2	1	193	2	1	28	2292	0
1.922	2	1	193	3	1	28	2292	0
0.882	1	3	89	3	96	20	161	0
0.882	1	14	89	3	1	20	161	0
0.882	1	8	89	3	71	20	161	1
0.882	1	4	89	3	78	20	161	1
1.923	2	1	193	4	1	28	2292	0
1.924	2	1	193	5	1	28	2292	0
1.925	2	1	193	6	1	28	2292	0
0.883	1	15	89	4	12	20	161	0
0.883	1	5	89	4	20	20	161	0
0.883	1	12	89	4	82	20	161	1
0.883	1	1	89	4	87	20	161	1
1.926	2	1	193	7	1	28	2292	0
1.927	2	1	193	8	1	28	2292	0
0.884	1	7	89	5	29	20	161	0
0.884	1	9	89	5	39	20	161	0
0.884	1	6	89	5	91	20	161	1
0.884	1	13	89	5	94	20	161	1
1.928	2	1	193	9	1	28	2292	0
1.929	2	1	193	10	1	28	2292	0
0.885	1	2	89	6	50	20	161	0
0.885	1	11	89	6	58	20	161	0
0.885	1	3	89	6	96	20	161	1
0.885	1	14	89	6	1	20	161	1
1.93	2	1	194	1	1	28	2292	0
1.931	2	1	194	2	1	28	2292	0
0.886	1	10	89	7	63	20	161	0
0.886	1	8	89	7	71	20	161	0
0.886	1	15	89	7	12	20	161	1
0.886	1	5	89	7	20	20	161	1
1.932	2	1	194	3	1	28	2292	0
1.933	2	1	194	4	1	28	2292	0
0.887	1	4	89	8	78	20	161	0
0.887	1	12	89	8	82	20	161	0
1.934	2	1	194	5	1	28	2292	0
0.887	1	7	89	8	29	20	161	1
0.887	1	9	89	8	39	20	161	1
1.935	2	1	194	6	1	28	2292	0
0.888	1	1	89	9	87	20	161	0
0.888	1	6	89	9	91	20	161	0
0.888	1	2	89	9	50	20	161	1
0.888	1	11	89	9	58	20	161	1
1.936	2	1	194	7	1	28	2292	0
1.937	2	1	194	8	1	28	2292	0
0.889	1	13	89	10	94	20	161	0
0.889	1	3	89	10	96	20	161	0
0.889	1	10	89	10	63	20	161	1
0.889	1	8	89	10	71	20	161	1
1.938	2	1	194	9	1	28	2292	0
1.939	2	1	194	10	1	28	2292	0
0.89	1	14	90	1	1	20	161	0
0.89	1	15	90	1	12	20	161	0
0.89	1	4	90	1	78	20	161	1
0.89	1	12	90	1	82	20	161	1
1.94	2	1	195	1	1	28	2292	0
1.941	2	1	195	2	1	28	2292	0
1.942	2	1	195	3	1	28	2292	0
0.891	1	5	90	2	20	20	161	0
0.891	1	7	90	2	29	20	161	0
0.891	1	1	90	2	87	20	161	1
0.891	1	6	90	2	91	20	161	1
1.943	2	1	195	4	1	28	2292	0
1.944	2	1	195	5	1	28	2292	0
0.892	1	9	90	3	39	20	161	0
0.892	1	2	90	3	50	20	161	0
1.945	2	1	195	6	1	28	2292	0
0.892	1	13	90	3	94	20	161	1
0.892	1	3	90	3	96	20	161	1
1.946	2	1	195	7	1	28	2292	0
1.947	2	1	195	8	1	28	2292	0
1.948	2	1	195	9	1	28	2292	0
0.893	1	11	90	4	58	20	161	0
0.893	1	10	90	4	63	20	161	0
1.949	2	1	195	10	1	28	2292	0
0.893	1	14	90	4	1	20	161	1
0.893	1	15	90	4	12	20	161	1
1.95	2	1	196	1	1	28	2292	0
1.951	2	1	196	2	1	28	2292	0
0.894	1	8	90	5	71	20	161	0
0.894	1	4	90	5	78	20	161	0
0.894	1	5	90	5	20	20	161	1
0.894	1	7	90	5	29	20	161	1
1.952	2	1	196	3	1	28	2292	0
1.953	2	1	196	4	1	28	2292	0
1.954	2	1	196	5	1	28	2292	0
1.955	2	1	196	6	1	28	2292	0
0.895	1	12	90	6	82	20	161	0
0.895	1	1	90	6	87	20	161	0
0.895	1	9	90	6	39	20	161	1
0.895	1	2	90	6	50	20	161	1
1.956	2	1	196	7	1	28	2292	0
1.957	2	1	196	8	1	28	2292	0
0.896	1	6	90	7	91	20	161	0
0.896	1	13	90	7	94	20	161	0
0.896	1	11	90	7	58	20	161	1
0.896	1	10	90	7	63	20	161	1
1.958	2	1	196	9	1	28	2292	0
1.959	2	1	196	10	1	28	2292	0
1.96	2	1	197	1	1	28	2292	0
1.961	2	1	197	2	1	28	2292	0
0.897	1	3	90	8	96	20	161	0
0.897	1	14	90	8	1	20	161	0
0.897	1	8	90	8	71	20	161	1
0.897	1	4	90	8	78	20	161	1
1.962	2	1	197	3	1	28	2292	0
1.963	2	1	197	4	1	28	2292	0
0.898	1	15	90	9	12	20	161	0
0.898	1	5	90	9	20	20	161	0
0.898	1	12	90	9	82	20	161	1
0.898	1	1	90	9	87	20	161	1
1.964	2	1	197	5	1	28	2292	0
1.965	2	1	197	6	1	28	2292	0
1.966	2	1	197	7	1	28	2292	0
1.967	2	1	197	8	1	28	2292	0
0.899	1	7	90	10	29	20	161	0
0.899	1	9	90	10	39	20	161	0
0.899	1	6	90	10	91	20	161	1
0.899	1	13	90	10	94	20	161	1
1.968	2	1	197	9	1	28	2292	0
1.969	2	1	197	10	1	28	2292	0
1.97	2	1	198	1	1	28	2292	0
1.971	2	1	198	2	1	28	2292	0
1.972	2	1	198	3	1	28	2292	0
1.973	2	1	198	4	1	28	2292	0
1.974	2	1	198	5	1	28	2292	0
1.975	2	1	198	6	1	28	2292	0
1.976	2	1	198	7	1	28	2292	0
1.977	2	1	198	8	1	28	2292	0
1.978	2	1	198	9	1	28	2292	0
1.979	2	1	198	10	1	28	2292	0
1.98	2	1	199	1	1	28	2292	0
1.981	2	1	199	2	1	28	2292	0
1.982	2	1	199	3	1	28	2292	0
1.983	2	1	199	4	1	28	2292	0
1.984	2	1	199	5	1	28	2292	0
1.985	2	1	199	6	1	28	2292	0
1.986	2	1	199	7	1	28	2292	0
1.987	2	1	199	8	1	28	2292	0
1.988	2	1	199	9	1	28	2292	0
1.989	2	1	199	10	1	28	2292	0
1.99	2	1	200	1	1	28	2292	0
1.991	2	1	200	2	1	28	2292	0
1.992	2	1	200	3	1	28	2292	0
1.993	2	1	200	4	1	28	2292	0
1.994	2	1	200	5	1	28	2292	0
1.995	2	1	200	6	1	28	2292	0
1.996	2	1	200	7	1	28	2292	0
1.997	2	1	200	8	1	28	2292	0
1.998	2	1	200	9	1	28	2292	0
1.999	2	1	200	10	1	28	2292	0
