% time	cellId	IMSI	RNTI	layer	mcs	size	rv	ndi	ccId
279	1	1	1	0	0	85	0	1	0
590	2	6	91	0	20	161	0	1	1
590	2	13	94	0	20	161	0	1	1
591	1	2	50	0	20	161	0	1	0
591	1	11	58	0	20	161	0	1	0
591	2	14	1	0	20	161	0	1	1
591	2	3	96	0	20	161	0	1	1
592	1	8	71	0	20	161	0	1	0
592	1	10	63	0	20	161	0	1	0
592	2	15	12	0	20	161	0	1	1
592	2	5	20	0	20	161	0	1	1
593	1	4	78	0	20	161	0	1	0
593	1	12	82	0	20	161	0	1	0
593	2	7	29	0	20	161	0	1	1
593	2	9	39	0	20	161	0	1	1
594	1	1	87	0	20	161	0	1	0
594	1	6	91	0	20	161	0	1	0
295	1	1	1	0	28	2292	0	1	0
296	1	1	1	0	28	2292	0	1	0
594	2	2	50	0	20	161	0	1	1
594	2	11	58	0	20	161	0	1	1
297	1	1	1	0	28	2292	0	1	0
298	1	1	1	0	28	2292	0	1	0
299	1	1	1	0	28	2292	0	1	0
595	1	3	96	0	20	161	0	1	0
595	1	13	94	0	20	161	0	1	0
595	2	10	63	0	20	161	0	1	1
595	2	8	71	0	20	161	0	1	1
300	1	1	1	0	28	2292	0	1	0
301	1	1	1	0	28	2292	0	1	0
596	1	14	1	0	20	161	0	1	0
596	1	15	12	0	20	161	0	1	0
596	2	4	78	0	20	161	0	1	1
302	1	1	1	0	28	2292	0	1	0
596	2	12	82	0	20	161	0	1	1
303	1	1	1	0	28	2292	0	1	0
597	1	5	20	0	20	161	0	1	0
597	1	7	29	0	20	161	0	1	0
304	1	1	1	0	28	2292	0	1	0
597	2	1	87	0	20	161	0	1	1
597	2	6	91	0	20	161	0	1	1
305	1	1	1	0	28	2292	0	1	0
598	1	2	50	0	20	161	0	1	0
306	1	1	1	0	28	2292	0	1	0
598	1	9	39	0	20	161	0	1	0
307	1	1	1	0	28	2292	0	1	0
598	2	13	94	0	20	161	0	1	1
598	2	3	96	0	20	161	0	1	1
308	1	1	1	0	28	2292	0	1	0
599	1	10	63	0	20	161	0	1	0
599	1	11	58	0	20	161	0	1	0
309	1	1	1	0	28	2292	0	1	0
599	2	14	1	0	20	161	0	1	1
599	2	15	12	0	20	161	0	1	1
310	1	1	1	0	28	2292	0	1	0
600	1	4	78	0	20	161	0	1	0
600	1	8	71	0	20	161	0	1	0
311	1	1	1	0	28	2292	0	1	0
600	2	5	20	0	20	161	0	1	1
600	2	7	29	0	20	161	0	1	1
312	1	1	1	0	28	2292	0	1	0
313	1	1	1	0	28	2292	0	1	0
601	1	1	87	0	20	161	0	1	0
601	1	12	82	0	20	161	0	1	0
601	2	9	39	0	20	161	0	1	1
601	2	2	50	0	20	161	0	1	1
314	1	1	1	0	28	2292	0	1	0
315	1	1	1	0	28	2292	0	1	0
602	1	6	91	0	20	161	0	1	0
602	1	13	94	0	20	161	0	1	0
316	1	1	1	0	28	2292	0	1	0
602	2	11	58	0	20	161	0	1	1
602	2	10	63	0	20	161	0	1	1
317	1	1	1	0	28	2292	0	1	0
603	1	3	96	0	20	161	0	1	0
603	1	14	1	0	20	161	0	1	0
318	1	1	1	0	28	2292	0	1	0
603	2	8	71	0	20	161	0	1	1
603	2	4	78	0	20	161	0	1	1
319	1	1	1	0	28	2292	0	1	0
320	1	1	1	0	28	2292	0	1	0
604	1	5	20	0	20	161	0	1	0
604	1	15	12	0	20	161	0	1	0
321	1	1	1	0	28	2292	0	1	0
604	2	12	82	0	20	161	0	1	1
604	2	1	87	0	20	161	0	1	1
322	1	1	1	0	28	2292	0	1	0
605	1	7	29	0	20	161	0	1	0
605	1	9	39	0	20	161	0	1	0
323	1	1	1	0	28	2292	0	1	0
605	2	6	91	0	20	161	0	1	1
605	2	13	94	0	20	161	0	1	1
324	1	1	1	0	28	2292	0	1	0
606	1	2	50	0	20	161	0	1	0
606	1	11	58	0	20	161	0	1	0
606	2	14	1	0	20	161	0	1	1
325	1	1	1	0	28	2292	0	1	0
606	2	3	96	0	20	161	0	1	1
326	1	1	1	0	28	2292	0	1	0
607	1	8	71	0	20	161	0	1	0
607	1	10	63	0	20	161	0	1	0
607	2	15	12	0	20	161	0	1	1
607	2	5	20	0	20	161	0	1	1
327	1	1	1	0	28	2292	0	1	0
328	1	1	1	0	28	2292	0	1	0
608	1	4	78	0	20	161	0	1	0
608	1	12	82	0	20	161	0	1	0
608	2	7	29	0	20	161	0	1	1
608	2	9	39	0	20	161	0	1	1
329	1	1	1	0	28	2292	0	1	0
330	1	1	1	0	28	2292	0	1	0
609	1	1	87	0	20	161	0	1	0
609	1	6	91	0	20	161	0	1	0
331	1	1	1	0	28	2292	0	1	0
609	2	2	50	0	20	161	0	1	1
609	2	11	58	0	20	161	0	1	1
332	1	1	1	0	28	2292	0	1	0
610	1	3	96	0	20	161	0	1	0
610	1	13	94	0	20	161	0	1	0
333	1	1	1	0	28	2292	0	1	0
610	2	10	63	0	20	161	0	1	1
610	2	8	71	0	20	161	0	1	1
334	1	1	1	0	28	2292	0	1	0
611	1	14	1	0	20	161	0	1	0
611	1	15	12	0	20	161	0	1	0
335	1	1	1	0	28	2292	0	1	0
611	2	4	78	0	20	161	0	1	1
611	2	12	82	0	20	161	0	1	1
336	1	1	1	0	28	2292	0	1	0
612	1	5	20	0	20	161	0	1	0
612	1	7	29	0	20	161	0	1	0
337	1	1	1	0	28	2292	0	1	0
612	2	1	87	0	20	161	0	1	1
612	2	6	91	0	20	161	0	1	1
338	1	1	1	0	28	2292	0	1	0
339	1	1	1	0	28	2292	0	1	0
613	1	2	50	0	20	161	0	1	0
613	1	9	39	0	20	161	0	1	0
340	1	1	1	0	28	2292	0	1	0
613	2	13	94	0	20	161	0	1	1
613	2	3	96	0	20	161	0	1	1
341	1	1	1	0	28	2292	0	1	0
342	1	1	1	0	28	2292	0	1	0
614	1	10	63	0	20	161	0	1	0
614	1	11	58	0	20	161	0	1	0
343	1	1	1	0	28	2292	0	1	0
614	2	14	1	0	20	161	0	1	1
614	2	15	12	0	20	161	0	1	1
344	1	1	1	0	28	2292	0	1	0
345	1	1	1	0	28	2292	0	1	0
346	1	1	1	0	28	2292	0	1	0
615	1	4	78	0	20	161	0	1	0
615	1	8	71	0	20	161	0	1	0
347	1	1	1	0	28	2292	0	1	0
615	2	5	20	0	20	161	0	1	1
615	2	7	29	0	20	161	0	1	1
348	1	1	1	0	28	2292	0	1	0
616	1	1	87	0	20	161	0	1	0
349	1	1	1	0	28	2292	0	1	0
616	1	12	82	0	20	161	0	1	0
350	1	1	1	0	28	2292	0	1	0
616	2	9	39	0	20	161	0	1	1
616	2	2	50	0	20	161	0	1	1
351	1	1	1	0	28	2292	0	1	0
352	1	1	1	0	28	2292	0	1	0
617	1	6	91	0	20	161	0	1	0
617	1	13	94	0	20	161	0	1	0
353	1	1	1	0	28	2292	0	1	0
617	2	11	58	0	20	161	0	1	1
617	2	10	63	0	20	161	0	1	1
354	1	1	1	0	28	2292	0	1	0
355	1	1	1	0	28	2292	0	1	0
618	1	3	96	0	20	161	0	1	0
356	1	1	1	0	28	2292	0	1	0
618	1	14	1	0	20	161	0	1	0
618	2	8	71	0	20	161	0	1	1
618	2	4	78	0	20	161	0	1	1
357	1	1	1	0	28	2292	0	1	0
358	1	1	1	0	28	2292	0	1	0
619	1	5	20	0	20	161	0	1	0
619	1	15	12	0	20	161	0	1	0
619	2	12	82	0	20	161	0	1	1
619	2	1	87	0	20	161	0	1	1
359	1	1	1	0	28	2292	0	1	0
360	1	1	1	0	28	2292	0	1	0
620	1	7	29	0	20	161	0	1	0
620	1	9	39	0	20	161	0	1	0
361	1	1	1	0	28	2292	0	1	0
620	2	6	91	0	20	161	0	1	1
620	2	13	94	0	20	161	0	1	1
362	1	1	1	0	28	2292	0	1	0
363	1	1	1	0	28	2292	0	1	0
621	1	2	50	0	20	161	0	1	0
621	1	11	58	0	20	161	0	1	0
621	2	14	1	0	20	161	0	1	1
621	2	3	96	0	20	161	0	1	1
364	1	1	1	0	28	2292	0	1	0
365	1	1	1	0	28	2292	0	1	0
622	1	8	71	0	20	161	0	1	0
622	1	10	63	0	20	161	0	1	0
366	1	1	1	0	28	2292	0	1	0
622	2	15	12	0	20	161	0	1	1
622	2	5	20	0	20	161	0	1	1
367	1	1	1	0	28	2292	0	1	0
368	1	1	1	0	28	2292	0	1	0
623	1	4	78	0	20	161	0	1	0
623	1	12	82	0	20	161	0	1	0
369	1	1	1	0	28	2292	0	1	0
623	2	7	29	0	20	161	0	1	1
623	2	9	39	0	20	161	0	1	1
370	1	1	1	0	28	2292	0	1	0
624	1	1	87	0	20	161	0	1	0
624	1	6	91	0	20	161	0	1	0
371	1	1	1	0	28	2292	0	1	0
624	2	2	50	0	20	161	0	1	1
624	2	11	58	0	20	161	0	1	1
372	1	1	1	0	28	2292	0	1	0
373	1	1	1	0	28	2292	0	1	0
625	1	3	96	0	20	161	0	1	0
625	1	13	94	0	20	161	0	1	0
625	2	10	63	0	20	161	0	1	1
625	2	8	71	0	20	161	0	1	1
374	1	1	1	0	28	2292	0	1	0
375	1	1	1	0	28	2292	0	1	0
376	1	1	1	0	28	2292	0	1	0
626	1	14	1	0	20	161	0	1	0
626	1	15	12	0	20	161	0	1	0
626	2	4	78	0	20	161	0	1	1
626	2	12	82	0	20	161	0	1	1
377	1	1	1	0	28	2292	0	1	0
378	1	1	1	0	28	2292	0	1	0
627	1	5	20	0	20	161	0	1	0
627	1	7	29	0	20	161	0	1	0
627	2	1	87	0	20	161	0	1	1
627	2	6	91	0	20	161	0	1	1
379	1	1	1	0	28	2292	0	1	0
628	1	2	50	0	20	161	0	1	0
380	1	1	1	0	28	2292	0	1	0
628	1	9	39	0	20	161	0	1	0
381	1	1	1	0	28	2292	0	1	0
628	2	13	94	0	20	161	0	1	1
628	2	3	96	0	20	161	0	1	1
382	1	1	1	0	28	2292	0	1	0
629	1	10	63	0	20	161	0	1	0
629	1	11	58	0	20	161	0	1	0
383	1	1	1	0	28	2292	0	1	0
629	2	14	1	0	20	161	0	1	1
629	2	15	12	0	20	161	0	1	1
384	1	1	1	0	28	2292	0	1	0
630	1	4	78	0	20	161	0	1	0
385	1	1	1	0	28	2292	0	1	0
630	1	8	71	0	20	161	0	1	0
630	2	5	20	0	20	161	0	1	1
630	2	7	29	0	20	161	0	1	1
386	1	1	1	0	28	2292	0	1	0
387	1	1	1	0	28	2292	0	1	0
631	1	1	87	0	20	161	0	1	0
631	1	12	82	0	20	161	0	1	0
631	2	9	39	0	20	161	0	1	1
631	2	2	50	0	20	161	0	1	1
388	1	1	1	0	28	2292	0	1	0
632	1	6	91	0	20	161	0	1	0
632	1	13	94	0	20	161	0	1	0
389	1	1	1	0	28	2292	0	1	0
632	2	11	58	0	20	161	0	1	1
632	2	10	63	0	20	161	0	1	1
390	1	1	1	0	28	2292	0	1	0
391	1	1	1	0	28	2292	0	1	0
633	1	3	96	0	20	161	0	1	0
392	1	1	1	0	28	2292	0	1	0
633	1	14	1	0	20	161	0	1	0
633	2	8	71	0	20	161	0	1	1
633	2	4	78	0	20	161	0	1	1
393	1	1	1	0	28	2292	0	1	0
394	1	1	1	0	28	2292	0	1	0
634	1	5	20	0	20	161	0	1	0
634	1	15	12	0	20	161	0	1	0
395	1	1	1	0	28	2292	0	1	0
634	2	12	82	0	20	161	0	1	1
634	2	1	87	0	20	161	0	1	1
396	1	1	1	0	28	2292	0	1	0
397	1	1	1	0	28	2292	0	1	0
635	1	7	29	0	20	161	0	1	0
635	1	9	39	0	20	161	0	1	0
635	2	6	91	0	20	161	0	1	1
635	2	13	94	0	20	161	0	1	1
398	1	1	1	0	28	2292	0	1	0
399	1	1	1	0	28	2292	0	1	0
636	1	2	50	0	20	161	0	1	0
636	1	11	58	0	20	161	0	1	0
400	1	1	1	0	28	2292	0	1	0
636	2	14	1	0	20	161	0	1	1
401	1	1	1	0	28	2292	0	1	0
636	2	3	96	0	20	161	0	1	1
402	1	1	1	0	28	2292	0	1	0
637	1	8	71	0	20	161	0	1	0
637	1	10	63	0	20	161	0	1	0
403	1	1	1	0	28	2292	0	1	0
637	2	15	12	0	20	161	0	1	1
637	2	5	20	0	20	161	0	1	1
638	1	4	78	0	20	161	0	1	0
638	1	12	82	0	20	161	0	1	0
638	2	7	29	0	20	161	0	1	1
638	2	9	39	0	20	161	0	1	1
639	1	1	87	0	20	161	0	1	0
639	1	6	91	0	20	161	0	1	0
639	2	2	50	0	20	161	0	1	1
639	2	11	58	0	20	161	0	1	1
640	1	3	96	0	20	161	0	1	0
640	1	13	94	0	20	161	0	1	0
640	2	10	63	0	20	161	0	1	1
640	2	8	71	0	20	161	0	1	1
641	1	14	1	0	20	161	0	1	0
641	1	15	12	0	20	161	0	1	0
641	2	4	78	0	20	161	0	1	1
641	2	12	82	0	20	161	0	1	1
642	1	5	20	0	20	161	0	1	0
642	1	7	29	0	20	161	0	1	0
642	2	1	87	0	20	161	0	1	1
642	2	6	91	0	20	161	0	1	1
643	1	2	50	0	20	161	0	1	0
643	1	9	39	0	20	161	0	1	0
643	2	13	94	0	20	161	0	1	1
643	2	3	96	0	20	161	0	1	1
644	1	10	63	0	20	161	0	1	0
644	1	11	58	0	20	161	0	1	0
644	2	14	1	0	20	161	0	1	1
644	2	15	12	0	20	161	0	1	1
645	1	4	78	0	20	161	0	1	0
645	1	8	71	0	20	161	0	1	0
645	2	5	20	0	20	161	0	1	1
645	2	7	29	0	20	161	0	1	1
646	1	1	87	0	20	161	0	1	0
646	1	12	82	0	20	161	0	1	0
646	2	9	39	0	20	161	0	1	1
646	2	2	50	0	20	161	0	1	1
647	1	6	91	0	20	161	0	1	0
647	1	13	94	0	20	161	0	1	0
647	2	11	58	0	20	161	0	1	1
647	2	10	63	0	20	161	0	1	1
648	1	3	96	0	20	161	0	1	0
648	1	14	1	0	20	161	0	1	0
648	2	8	71	0	20	161	0	1	1
648	2	4	78	0	20	161	0	1	1
649	1	5	20	0	20	161	0	1	0
649	1	15	12	0	20	161	0	1	0
649	2	12	82	0	20	161	0	1	1
649	2	1	87	0	20	161	0	1	1
650	1	7	29	0	20	161	0	1	0
650	1	9	39	0	20	161	0	1	0
650	2	6	91	0	20	161	0	1	1
650	2	13	94	0	20	161	0	1	1
651	1	2	50	0	20	161	0	1	0
651	1	11	58	0	20	161	0	1	0
651	2	14	1	0	20	161	0	1	1
651	2	3	96	0	20	161	0	1	1
652	1	8	71	0	20	161	0	1	0
652	1	10	63	0	20	161	0	1	0
652	2	15	12	0	20	161	0	1	1
652	2	5	20	0	20	161	0	1	1
653	1	4	78	0	20	161	0	1	0
653	1	12	82	0	20	161	0	1	0
653	2	7	29	0	20	161	0	1	1
653	2	9	39	0	20	161	0	1	1
654	1	1	87	0	20	161	0	1	0
654	1	6	91	0	20	161	0	1	0
654	2	2	50	0	20	161	0	1	1
654	2	11	58	0	20	161	0	1	1
655	1	3	96	0	20	161	0	1	0
655	1	13	94	0	20	161	0	1	0
655	2	10	63	0	20	161	0	1	1
655	2	8	71	0	20	161	0	1	1
656	1	14	1	0	20	161	0	1	0
656	1	15	12	0	20	161	0	1	0
656	2	4	78	0	20	161	0	1	1
656	2	12	82	0	20	161	0	1	1
657	1	5	20	0	20	161	0	1	0
657	1	7	29	0	20	161	0	1	0
657	2	1	87	0	20	161	0	1	1
657	2	6	91	0	20	161	0	1	1
658	1	2	50	0	20	161	0	1	0
658	1	9	39	0	20	161	0	1	0
658	2	13	94	0	20	161	0	1	1
658	2	3	96	0	20	161	0	1	1
659	1	10	63	0	20	161	0	1	0
659	1	11	58	0	20	161	0	1	0
659	2	14	1	0	20	161	0	1	1
659	2	15	12	0	20	161	0	1	1
660	1	4	78	0	20	161	0	1	0
660	1	8	71	0	20	161	0	1	0
660	2	5	20	0	20	161	0	1	1
660	2	7	29	0	20	161	0	1	1
661	1	1	87	0	20	161	0	1	0
661	1	12	82	0	20	161	0	1	0
661	2	9	39	0	20	161	0	1	1
661	2	2	50	0	20	161	0	1	1
662	1	6	91	0	20	161	0	1	0
662	1	13	94	0	20	161	0	1	0
662	2	11	58	0	20	161	0	1	1
662	2	10	63	0	20	161	0	1	1
663	1	3	96	0	20	161	0	1	0
663	1	14	1	0	20	161	0	1	0
663	2	8	71	0	20	161	0	1	1
663	2	4	78	0	20	161	0	1	1
664	1	5	20	0	20	161	0	1	0
664	1	15	12	0	20	161	0	1	0
664	2	12	82	0	20	161	0	1	1
664	2	1	87	0	20	161	0	1	1
665	1	7	29	0	20	161	0	1	0
665	1	9	39	0	20	161	0	1	0
665	2	6	91	0	20	161	0	1	1
665	2	13	94	0	20	161	0	1	1
666	1	2	50	0	20	161	0	1	0
666	1	11	58	0	20	161	0	1	0
666	2	14	1	0	20	161	0	1	1
666	2	3	96	0	20	161	0	1	1
667	1	8	71	0	20	161	0	1	0
667	1	10	63	0	20	161	0	1	0
667	2	15	12	0	20	161	0	1	1
667	2	5	20	0	20	161	0	1	1
668	1	4	78	0	20	161	0	1	0
668	1	12	82	0	20	161	0	1	0
668	2	7	29	0	20	161	0	1	1
668	2	9	39	0	20	161	0	1	1
669	1	1	87	0	20	161	0	1	0
669	1	6	91	0	20	161	0	1	0
669	2	2	50	0	20	161	0	1	1
669	2	11	58	0	20	161	0	1	1
670	1	3	96	0	20	161	0	1	0
670	1	13	94	0	20	161	0	1	0
670	2	10	63	0	20	161	0	1	1
670	2	8	71	0	20	161	0	1	1
671	1	14	1	0	20	161	0	1	0
671	1	15	12	0	20	161	0	1	0
671	2	4	78	0	20	161	0	1	1
671	2	12	82	0	20	161	0	1	1
672	1	5	20	0	20	161	0	1	0
672	1	7	29	0	20	161	0	1	0
672	2	1	87	0	20	161	0	1	1
672	2	6	91	0	20	161	0	1	1
673	1	2	50	0	20	161	0	1	0
673	1	9	39	0	20	161	0	1	0
673	2	13	94	0	20	161	0	1	1
673	2	3	96	0	20	161	0	1	1
674	1	10	63	0	20	161	0	1	0
674	1	11	58	0	20	161	0	1	0
674	2	14	1	0	20	161	0	1	1
674	2	15	12	0	20	161	0	1	1
675	1	4	78	0	20	161	0	1	0
675	1	8	71	0	20	161	0	1	0
675	2	5	20	0	20	161	0	1	1
675	2	7	29	0	20	161	0	1	1
676	1	1	87	0	20	161	0	1	0
676	1	12	82	0	20	161	0	1	0
676	2	9	39	0	20	161	0	1	1
676	2	2	50	0	20	161	0	1	1
677	1	6	91	0	20	161	0	1	0
677	1	13	94	0	20	161	0	1	0
677	2	11	58	0	20	161	0	1	1
677	2	10	63	0	20	161	0	1	1
678	1	3	96	0	20	161	0	1	0
678	1	14	1	0	20	161	0	1	0
678	2	8	71	0	20	161	0	1	1
678	2	4	78	0	20	161	0	1	1
679	1	5	20	0	20	161	0	1	0
679	1	15	12	0	20	161	0	1	0
679	2	12	82	0	20	161	0	1	1
679	2	1	87	0	20	161	0	1	1
680	1	7	29	0	20	161	0	1	0
680	1	9	39	0	20	161	0	1	0
680	2	6	91	0	20	161	0	1	1
680	2	13	94	0	20	161	0	1	1
681	1	2	50	0	20	161	0	1	0
681	1	11	58	0	20	161	0	1	0
681	2	14	1	0	20	161	0	1	1
681	2	3	96	0	20	161	0	1	1
682	1	8	71	0	20	161	0	1	0
682	1	10	63	0	20	161	0	1	0
682	2	15	12	0	20	161	0	1	1
682	2	5	20	0	20	161	0	1	1
683	1	4	78	0	20	161	0	1	0
683	1	12	82	0	20	161	0	1	0
683	2	7	29	0	20	161	0	1	1
683	2	9	39	0	20	161	0	1	1
684	1	1	87	0	20	161	0	1	0
684	1	6	91	0	20	161	0	1	0
684	2	2	50	0	20	161	0	1	1
684	2	11	58	0	20	161	0	1	1
685	1	3	96	0	20	161	0	1	0
685	1	13	94	0	20	161	0	1	0
685	2	10	63	0	20	161	0	1	1
685	2	8	71	0	20	161	0	1	1
686	1	14	1	0	20	161	0	1	0
686	1	15	12	0	20	161	0	1	0
686	2	4	78	0	20	161	0	1	1
686	2	12	82	0	20	161	0	1	1
687	1	5	20	0	20	161	0	1	0
687	1	7	29	0	20	161	0	1	0
687	2	1	87	0	20	161	0	1	1
687	2	6	91	0	20	161	0	1	1
688	1	2	50	0	20	161	0	1	0
688	1	9	39	0	20	161	0	1	0
688	2	13	94	0	20	161	0	1	1
688	2	3	96	0	20	161	0	1	1
689	1	10	63	0	20	161	0	1	0
689	1	11	58	0	20	161	0	1	0
689	2	14	1	0	20	161	0	1	1
689	2	15	12	0	20	161	0	1	1
690	1	4	78	0	20	161	0	1	0
690	1	8	71	0	20	161	0	1	0
690	2	5	20	0	20	161	0	1	1
690	2	7	29	0	20	161	0	1	1
691	1	1	87	0	20	161	0	1	0
691	1	12	82	0	20	161	0	1	0
691	2	9	39	0	20	161	0	1	1
691	2	2	50	0	20	161	0	1	1
692	1	6	91	0	20	161	0	1	0
692	1	13	94	0	20	161	0	1	0
692	2	11	58	0	20	161	0	1	1
692	2	10	63	0	20	161	0	1	1
693	1	3	96	0	20	161	0	1	0
693	1	14	1	0	20	161	0	1	0
693	2	8	71	0	20	161	0	1	1
693	2	4	78	0	20	161	0	1	1
694	1	5	20	0	20	161	0	1	0
694	1	15	12	0	20	161	0	1	0
694	2	12	82	0	20	161	0	1	1
694	2	1	87	0	20	161	0	1	1
695	1	7	29	0	20	161	0	1	0
695	1	9	39	0	20	161	0	1	0
695	2	6	91	0	20	161	0	1	1
695	2	13	94	0	20	161	0	1	1
696	1	2	50	0	20	161	0	1	0
696	1	11	58	0	20	161	0	1	0
696	2	14	1	0	20	161	0	1	1
696	2	3	96	0	20	161	0	1	1
697	1	8	71	0	20	161	0	1	0
697	1	10	63	0	20	161	0	1	0
697	2	15	12	0	20	161	0	1	1
697	2	5	20	0	20	161	0	1	1
698	1	4	78	0	20	161	0	1	0
698	1	12	82	0	20	161	0	1	0
698	2	7	29	0	20	161	0	1	1
698	2	9	39	0	20	161	0	1	1
699	1	1	87	0	20	161	0	1	0
699	1	6	91	0	20	161	0	1	0
699	2	2	50	0	20	161	0	1	1
699	2	11	58	0	20	161	0	1	1
700	1	3	96	0	20	161	0	1	0
700	1	13	94	0	20	161	0	1	0
700	2	10	63	0	20	161	0	1	1
700	2	8	71	0	20	161	0	1	1
701	1	14	1	0	20	161	0	1	0
701	1	15	12	0	20	161	0	1	0
701	2	4	78	0	20	161	0	1	1
701	2	12	82	0	20	161	0	1	1
702	1	5	20	0	20	161	0	1	0
702	1	7	29	0	20	161	0	1	0
702	2	1	87	0	20	161	0	1	1
702	2	6	91	0	20	161	0	1	1
703	1	2	50	0	20	161	0	1	0
703	1	9	39	0	20	161	0	1	0
703	2	13	94	0	20	161	0	1	1
703	2	3	96	0	20	161	0	1	1
704	1	10	63	0	20	161	0	1	0
704	1	11	58	0	20	161	0	1	0
704	2	14	1	0	20	161	0	1	1
704	2	15	12	0	20	161	0	1	1
705	1	4	78	0	20	161	0	1	0
705	1	8	71	0	20	161	0	1	0
705	2	5	20	0	20	161	0	1	1
705	2	7	29	0	20	161	0	1	1
706	1	1	87	0	20	161	0	1	0
706	1	12	82	0	20	161	0	1	0
706	2	9	39	0	20	161	0	1	1
706	2	2	50	0	20	161	0	1	1
707	1	6	91	0	20	161	0	1	0
707	1	13	94	0	20	161	0	1	0
707	2	11	58	0	20	161	0	1	1
707	2	10	63	0	20	161	0	1	1
708	1	3	96	0	20	161	0	1	0
708	1	14	1	0	20	161	0	1	0
708	2	8	71	0	20	161	0	1	1
708	2	4	78	0	20	161	0	1	1
709	1	5	20	0	20	161	0	1	0
709	1	15	12	0	20	161	0	1	0
709	2	12	82	0	20	161	0	1	1
709	2	1	87	0	20	161	0	1	1
710	1	7	29	0	20	161	0	1	0
710	1	9	39	0	20	161	0	1	0
710	2	6	91	0	20	161	0	1	1
710	2	13	94	0	20	161	0	1	1
711	1	2	50	0	20	161	0	1	0
711	1	11	58	0	20	161	0	1	0
711	2	14	1	0	20	161	0	1	1
711	2	3	96	0	20	161	0	1	1
712	1	8	71	0	20	161	0	1	0
712	1	10	63	0	20	161	0	1	0
712	2	15	12	0	20	161	0	1	1
712	2	5	20	0	20	161	0	1	1
713	1	4	78	0	20	161	0	1	0
713	1	12	82	0	20	161	0	1	0
713	2	7	29	0	20	161	0	1	1
713	2	9	39	0	20	161	0	1	1
714	1	1	87	0	20	161	0	1	0
714	1	6	91	0	20	161	0	1	0
714	2	2	50	0	20	161	0	1	1
714	2	11	58	0	20	161	0	1	1
715	1	3	96	0	20	161	0	1	0
715	1	13	94	0	20	161	0	1	0
715	2	10	63	0	20	161	0	1	1
715	2	8	71	0	20	161	0	1	1
716	1	14	1	0	20	161	0	1	0
716	1	15	12	0	20	161	0	1	0
716	2	4	78	0	20	161	0	1	1
716	2	12	82	0	20	161	0	1	1
717	1	5	20	0	20	161	0	1	0
717	1	7	29	0	20	161	0	1	0
717	2	1	87	0	20	161	0	1	1
717	2	6	91	0	20	161	0	1	1
718	1	2	50	0	20	161	0	1	0
718	1	9	39	0	20	161	0	1	0
718	2	13	94	0	20	161	0	1	1
718	2	3	96	0	20	161	0	1	1
719	1	10	63	0	20	161	0	1	0
719	1	11	58	0	20	161	0	1	0
719	2	14	1	0	20	161	0	1	1
719	2	15	12	0	20	161	0	1	1
720	1	4	78	0	20	161	0	1	0
720	1	8	71	0	20	161	0	1	0
720	2	5	20	0	20	161	0	1	1
720	2	7	29	0	20	161	0	1	1
721	1	1	87	0	20	161	0	1	0
721	1	12	82	0	20	161	0	1	0
721	2	9	39	0	20	161	0	1	1
721	2	2	50	0	20	161	0	1	1
722	1	6	91	0	20	161	0	1	0
722	1	13	94	0	20	161	0	1	0
722	2	11	58	0	20	161	0	1	1
722	2	10	63	0	20	161	0	1	1
723	1	3	96	0	20	161	0	1	0
723	1	14	1	0	20	161	0	1	0
723	2	8	71	0	20	161	0	1	1
723	2	4	78	0	20	161	0	1	1
724	1	5	20	0	20	161	0	1	0
724	1	15	12	0	20	161	0	1	0
724	2	12	82	0	20	161	0	1	1
724	2	1	87	0	20	161	0	1	1
725	1	7	29	0	20	161	0	1	0
725	1	9	39	0	20	161	0	1	0
725	2	6	91	0	20	161	0	1	1
725	2	13	94	0	20	161	0	1	1
726	1	2	50	0	20	161	0	1	0
726	1	11	58	0	20	161	0	1	0
726	2	14	1	0	20	161	0	1	1
726	2	3	96	0	20	161	0	1	1
727	1	8	71	0	20	161	0	1	0
727	1	10	63	0	20	161	0	1	0
727	2	15	12	0	20	161	0	1	1
727	2	5	20	0	20	161	0	1	1
728	1	4	78	0	20	161	0	1	0
728	1	12	82	0	20	161	0	1	0
728	2	7	29	0	20	161	0	1	1
728	2	9	39	0	20	161	0	1	1
729	1	1	87	0	20	161	0	1	0
729	1	6	91	0	20	161	0	1	0
729	2	2	50	0	20	161	0	1	1
729	2	11	58	0	20	161	0	1	1
730	1	3	96	0	20	161	0	1	0
730	1	13	94	0	20	161	0	1	0
730	2	10	63	0	20	161	0	1	1
730	2	8	71	0	20	161	0	1	1
731	1	14	1	0	20	161	0	1	0
731	1	15	12	0	20	161	0	1	0
731	2	4	78	0	20	161	0	1	1
731	2	12	82	0	20	161	0	1	1
732	1	5	20	0	20	161	0	1	0
732	1	7	29	0	20	161	0	1	0
732	2	1	87	0	20	161	0	1	1
732	2	6	91	0	20	161	0	1	1
733	1	2	50	0	20	161	0	1	0
733	1	9	39	0	20	161	0	1	0
733	2	13	94	0	20	161	0	1	1
733	2	3	96	0	20	161	0	1	1
734	1	10	63	0	20	161	0	1	0
734	1	11	58	0	20	161	0	1	0
734	2	14	1	0	20	161	0	1	1
734	2	15	12	0	20	161	0	1	1
735	1	4	78	0	20	161	0	1	0
735	1	8	71	0	20	161	0	1	0
735	2	5	20	0	20	161	0	1	1
735	2	7	29	0	20	161	0	1	1
736	1	1	87	0	20	161	0	1	0
736	1	12	82	0	20	161	0	1	0
736	2	9	39	0	20	161	0	1	1
736	2	2	50	0	20	161	0	1	1
737	1	6	91	0	20	161	0	1	0
737	1	13	94	0	20	161	0	1	0
737	2	11	58	0	20	161	0	1	1
737	2	10	63	0	20	161	0	1	1
738	1	3	96	0	20	161	0	1	0
738	1	14	1	0	20	161	0	1	0
738	2	8	71	0	20	161	0	1	1
738	2	4	78	0	20	161	0	1	1
739	1	5	20	0	20	161	0	1	0
739	1	15	12	0	20	161	0	1	0
739	2	12	82	0	20	161	0	1	1
739	2	1	87	0	20	161	0	1	1
740	1	7	29	0	20	161	0	1	0
740	1	9	39	0	20	161	0	1	0
740	2	6	91	0	20	161	0	1	1
740	2	13	94	0	20	161	0	1	1
741	1	2	50	0	20	161	0	1	0
741	1	11	58	0	20	161	0	1	0
741	2	14	1	0	20	161	0	1	1
741	2	3	96	0	20	161	0	1	1
742	1	8	71	0	20	161	0	1	0
742	1	10	63	0	20	161	0	1	0
742	2	15	12	0	20	161	0	1	1
742	2	5	20	0	20	161	0	1	1
743	1	4	78	0	20	161	0	1	0
743	1	12	82	0	20	161	0	1	0
743	2	7	29	0	20	161	0	1	1
743	2	9	39	0	20	161	0	1	1
744	1	1	87	0	20	161	0	1	0
744	1	6	91	0	20	161	0	1	0
744	2	2	50	0	20	161	0	1	1
744	2	11	58	0	20	161	0	1	1
745	1	3	96	0	20	161	0	1	0
745	1	13	94	0	20	161	0	1	0
745	2	10	63	0	20	161	0	1	1
745	2	8	71	0	20	161	0	1	1
746	1	14	1	0	20	161	0	1	0
746	1	15	12	0	20	161	0	1	0
746	2	4	78	0	20	161	0	1	1
746	2	12	82	0	20	161	0	1	1
747	1	5	20	0	20	161	0	1	0
747	1	7	29	0	20	161	0	1	0
747	2	1	87	0	20	161	0	1	1
747	2	6	91	0	20	161	0	1	1
748	1	2	50	0	20	161	0	1	0
748	1	9	39	0	20	161	0	1	0
748	2	13	94	0	20	161	0	1	1
748	2	3	96	0	20	161	0	1	1
749	1	10	63	0	20	161	0	1	0
749	1	11	58	0	20	161	0	1	0
749	2	14	1	0	20	161	0	1	1
749	2	15	12	0	20	161	0	1	1
750	1	4	78	0	20	161	0	1	0
750	1	8	71	0	20	161	0	1	0
750	2	5	20	0	20	161	0	1	1
750	2	7	29	0	20	161	0	1	1
751	1	1	87	0	20	161	0	1	0
751	1	12	82	0	20	161	0	1	0
751	2	9	39	0	20	161	0	1	1
751	2	2	50	0	20	161	0	1	1
752	1	6	91	0	20	161	0	1	0
752	1	13	94	0	20	161	0	1	0
752	2	11	58	0	20	161	0	1	1
752	2	10	63	0	20	161	0	1	1
753	1	3	96	0	20	161	0	1	0
753	1	14	1	0	20	161	0	1	0
753	2	8	71	0	20	161	0	1	1
753	2	4	78	0	20	161	0	1	1
754	1	5	20	0	20	161	0	1	0
754	1	15	12	0	20	161	0	1	0
754	2	12	82	0	20	161	0	1	1
754	2	1	87	0	20	161	0	1	1
755	1	7	29	0	20	161	0	1	0
755	1	9	39	0	20	161	0	1	0
755	2	6	91	0	20	161	0	1	1
755	2	13	94	0	20	161	0	1	1
756	1	2	50	0	20	161	0	1	0
756	1	11	58	0	20	161	0	1	0
756	2	14	1	0	20	161	0	1	1
756	2	3	96	0	20	161	0	1	1
757	1	8	71	0	20	161	0	1	0
757	1	10	63	0	20	161	0	1	0
757	2	15	12	0	20	161	0	1	1
757	2	5	20	0	20	161	0	1	1
758	1	4	78	0	20	161	0	1	0
758	1	12	82	0	20	161	0	1	0
758	2	7	29	0	20	161	0	1	1
758	2	9	39	0	20	161	0	1	1
759	1	1	87	0	20	161	0	1	0
759	1	6	91	0	20	161	0	1	0
759	2	2	50	0	20	161	0	1	1
759	2	11	58	0	20	161	0	1	1
760	1	3	96	0	20	161	0	1	0
760	1	13	94	0	20	161	0	1	0
760	2	10	63	0	20	161	0	1	1
760	2	8	71	0	20	161	0	1	1
761	1	14	1	0	20	161	0	1	0
761	1	15	12	0	20	161	0	1	0
761	2	4	78	0	20	161	0	1	1
761	2	12	82	0	20	161	0	1	1
762	1	5	20	0	20	161	0	1	0
762	1	7	29	0	20	161	0	1	0
762	2	1	87	0	20	161	0	1	1
762	2	6	91	0	20	161	0	1	1
763	1	2	50	0	20	161	0	1	0
763	1	9	39	0	20	161	0	1	0
763	2	13	94	0	20	161	0	1	1
763	2	3	96	0	20	161	0	1	1
764	1	10	63	0	20	161	0	1	0
764	1	11	58	0	20	161	0	1	0
764	2	14	1	0	20	161	0	1	1
764	2	15	12	0	20	161	0	1	1
765	1	4	78	0	20	161	0	1	0
765	1	8	71	0	20	161	0	1	0
765	2	5	20	0	20	161	0	1	1
765	2	7	29	0	20	161	0	1	1
766	1	1	87	0	20	161	0	1	0
766	1	12	82	0	20	161	0	1	0
766	2	9	39	0	20	161	0	1	1
766	2	2	50	0	20	161	0	1	1
767	1	6	91	0	20	161	0	1	0
767	1	13	94	0	20	161	0	1	0
767	2	11	58	0	20	161	0	1	1
767	2	10	63	0	20	161	0	1	1
768	1	3	96	0	20	161	0	1	0
768	1	14	1	0	20	161	0	1	0
768	2	8	71	0	20	161	0	1	1
768	2	4	78	0	20	161	0	1	1
769	1	5	20	0	20	161	0	1	0
769	1	15	12	0	20	161	0	1	0
769	2	12	82	0	20	161	0	1	1
769	2	1	87	0	20	161	0	1	1
770	1	7	29	0	20	161	0	1	0
770	1	9	39	0	20	161	0	1	0
770	2	6	91	0	20	161	0	1	1
770	2	13	94	0	20	161	0	1	1
771	1	2	50	0	20	161	0	1	0
771	1	11	58	0	20	161	0	1	0
771	2	14	1	0	20	161	0	1	1
771	2	3	96	0	20	161	0	1	1
772	1	8	71	0	20	161	0	1	0
772	1	10	63	0	20	161	0	1	0
772	2	15	12	0	20	161	0	1	1
772	2	5	20	0	20	161	0	1	1
773	1	4	78	0	20	161	0	1	0
773	1	12	82	0	20	161	0	1	0
773	2	7	29	0	20	161	0	1	1
773	2	9	39	0	20	161	0	1	1
774	1	1	87	0	20	161	0	1	0
774	1	6	91	0	20	161	0	1	0
774	2	2	50	0	20	161	0	1	1
774	2	11	58	0	20	161	0	1	1
1639	2	1	1	0	0	85	0	1	0
775	1	3	96	0	20	161	0	1	0
775	1	13	94	0	20	161	0	1	0
775	2	10	63	0	20	161	0	1	1
775	2	8	71	0	20	161	0	1	1
776	1	14	1	0	20	161	0	1	0
776	1	15	12	0	20	161	0	1	0
776	2	4	78	0	20	161	0	1	1
776	2	12	82	0	20	161	0	1	1
777	1	5	20	0	20	161	0	1	0
777	1	7	29	0	20	161	0	1	0
777	2	1	87	0	20	161	0	1	1
777	2	6	91	0	20	161	0	1	1
1655	2	1	1	0	28	2292	0	1	0
1656	2	1	1	0	28	2292	0	1	0
1657	2	1	1	0	28	2292	0	1	0
778	1	2	50	0	20	161	0	1	0
1658	2	1	1	0	28	2292	0	1	0
1659	2	1	1	0	28	2292	0	1	0
778	1	9	39	0	20	161	0	1	0
1660	2	1	1	0	28	2292	0	1	0
778	2	13	94	0	20	161	0	1	1
1661	2	1	1	0	28	2292	0	1	0
778	2	3	96	0	20	161	0	1	1
1662	2	1	1	0	28	2292	0	1	0
779	1	10	63	0	20	161	0	1	0
1663	2	1	1	0	28	2292	0	1	0
779	1	11	58	0	20	161	0	1	0
779	2	14	1	0	20	161	0	1	1
779	2	15	12	0	20	161	0	1	1
1664	2	1	1	0	28	2292	0	1	0
1665	2	1	1	0	28	2292	0	1	0
780	1	4	78	0	20	161	0	1	0
780	1	8	71	0	20	161	0	1	0
1666	2	1	1	0	28	2292	0	1	0
780	2	5	20	0	20	161	0	1	1
780	2	7	29	0	20	161	0	1	1
1667	2	1	1	0	28	2292	0	1	0
1668	2	1	1	0	28	2292	0	1	0
1669	2	1	1	0	28	2292	0	1	0
781	1	1	87	0	20	161	0	1	0
781	1	12	82	0	20	161	0	1	0
1670	2	1	1	0	28	2292	0	1	0
781	2	9	39	0	20	161	0	1	1
781	2	2	50	0	20	161	0	1	1
1671	2	1	1	0	28	2292	0	1	0
1672	2	1	1	0	28	2292	0	1	0
782	1	6	91	0	20	161	0	1	0
1673	2	1	1	0	28	2292	0	1	0
782	1	13	94	0	20	161	0	1	0
782	2	11	58	0	20	161	0	1	1
1674	2	1	1	0	28	2292	0	1	0
782	2	10	63	0	20	161	0	1	1
1675	2	1	1	0	28	2292	0	1	0
1676	2	1	1	0	28	2292	0	1	0
783	1	3	96	0	20	161	0	1	0
783	1	14	1	0	20	161	0	1	0
783	2	8	71	0	20	161	0	1	1
783	2	4	78	0	20	161	0	1	1
1677	2	1	1	0	28	2292	0	1	0
1678	2	1	1	0	28	2292	0	1	0
1679	2	1	1	0	28	2292	0	1	0
784	1	5	20	0	20	161	0	1	0
1680	2	1	1	0	28	2292	0	1	0
784	1	15	12	0	20	161	0	1	0
1681	2	1	1	0	28	2292	0	1	0
784	2	12	82	0	20	161	0	1	1
784	2	1	87	0	20	161	0	1	1
1682	2	1	1	0	28	2292	0	1	0
1683	2	1	1	0	28	2292	0	1	0
785	1	7	29	0	20	161	0	1	0
785	1	9	39	0	20	161	0	1	0
1684	2	1	1	0	28	2292	0	1	0
785	2	6	91	0	20	161	0	1	1
785	2	13	94	0	20	161	0	1	1
1685	2	1	1	0	28	2292	0	1	0
786	1	2	50	0	20	161	0	1	0
1686	2	1	1	0	28	2292	0	1	0
786	1	11	58	0	20	161	0	1	0
786	2	14	1	0	20	161	0	1	1
1687	2	1	1	0	28	2292	0	1	0
786	2	3	96	0	20	161	0	1	1
1688	2	1	1	0	28	2292	0	1	0
1689	2	1	1	0	28	2292	0	1	0
1690	2	1	1	0	28	2292	0	1	0
787	1	8	71	0	20	161	0	1	0
787	1	10	63	0	20	161	0	1	0
787	2	15	12	0	20	161	0	1	1
787	2	5	20	0	20	161	0	1	1
1691	2	1	1	0	28	2292	0	1	0
1692	2	1	1	0	28	2292	0	1	0
788	1	4	78	0	20	161	0	1	0
788	1	12	82	0	20	161	0	1	0
1693	2	1	1	0	28	2292	0	1	0
788	2	7	29	0	20	161	0	1	1
788	2	9	39	0	20	161	0	1	1
1694	2	1	1	0	28	2292	0	1	0
1695	2	1	1	0	28	2292	0	1	0
789	1	1	87	0	20	161	0	1	0
789	1	6	91	0	20	161	0	1	0
1696	2	1	1	0	28	2292	0	1	0
789	2	2	50	0	20	161	0	1	1
789	2	11	58	0	20	161	0	1	1
1697	2	1	1	0	28	2292	0	1	0
1698	2	1	1	0	28	2292	0	1	0
790	1	3	96	0	20	161	0	1	0
1699	2	1	1	0	28	2292	0	1	0
790	1	13	94	0	20	161	0	1	0
790	2	10	63	0	20	161	0	1	1
1700	2	1	1	0	28	2292	0	1	0
790	2	8	71	0	20	161	0	1	1
1701	2	1	1	0	28	2292	0	1	0
1702	2	1	1	0	28	2292	0	1	0
1703	2	1	1	0	28	2292	0	1	0
791	1	14	1	0	20	161	0	1	0
791	1	15	12	0	20	161	0	1	0
791	2	4	78	0	20	161	0	1	1
791	2	12	82	0	20	161	0	1	1
1704	2	1	1	0	28	2292	0	1	0
1705	2	1	1	0	28	2292	0	1	0
792	1	5	20	0	20	161	0	1	0
792	1	7	29	0	20	161	0	1	0
1706	2	1	1	0	28	2292	0	1	0
792	2	1	87	0	20	161	0	1	1
1707	2	1	1	0	28	2292	0	1	0
792	2	6	91	0	20	161	0	1	1
1708	2	1	1	0	28	2292	0	1	0
1709	2	1	1	0	28	2292	0	1	0
793	1	2	50	0	20	161	0	1	0
793	1	9	39	0	20	161	0	1	0
1710	2	1	1	0	28	2292	0	1	0
793	2	13	94	0	20	161	0	1	1
793	2	3	96	0	20	161	0	1	1
1711	2	1	1	0	28	2292	0	1	0
794	1	10	63	0	20	161	0	1	0
794	1	11	58	0	20	161	0	1	0
794	2	14	1	0	20	161	0	1	1
794	2	15	12	0	20	161	0	1	1
1712	2	1	1	0	28	2292	0	1	0
1713	2	1	1	0	28	2292	0	1	0
795	1	4	78	0	20	161	0	1	0
795	1	8	71	0	20	161	0	1	0
795	2	5	20	0	20	161	0	1	1
795	2	7	29	0	20	161	0	1	1
1714	2	1	1	0	28	2292	0	1	0
1715	2	1	1	0	28	2292	0	1	0
796	1	1	87	0	20	161	0	1	0
1716	2	1	1	0	28	2292	0	1	0
796	1	12	82	0	20	161	0	1	0
796	2	9	39	0	20	161	0	1	1
796	2	2	50	0	20	161	0	1	1
1717	2	1	1	0	28	2292	0	1	0
797	1	6	91	0	20	161	0	1	0
1718	2	1	1	0	28	2292	0	1	0
797	1	13	94	0	20	161	0	1	0
797	2	11	58	0	20	161	0	1	1
797	2	10	63	0	20	161	0	1	1
1719	2	1	1	0	28	2292	0	1	0
1720	2	1	1	0	28	2292	0	1	0
798	1	3	96	0	20	161	0	1	0
798	1	14	1	0	20	161	0	1	0
798	2	8	71	0	20	161	0	1	1
1721	2	1	1	0	28	2292	0	1	0
798	2	4	78	0	20	161	0	1	1
1722	2	1	1	0	28	2292	0	1	0
799	1	5	20	0	20	161	0	1	0
799	1	15	12	0	20	161	0	1	0
799	2	12	82	0	20	161	0	1	1
799	2	1	87	0	20	161	0	1	1
1723	2	1	1	0	28	2292	0	1	0
1724	2	1	1	0	28	2292	0	1	0
800	1	7	29	0	20	161	0	1	0
800	1	9	39	0	20	161	0	1	0
1725	2	1	1	0	28	2292	0	1	0
800	2	6	91	0	20	161	0	1	1
800	2	13	94	0	20	161	0	1	1
1726	2	1	1	0	28	2292	0	1	0
1727	2	1	1	0	28	2292	0	1	0
801	1	2	50	0	20	161	0	1	0
801	1	11	58	0	20	161	0	1	0
1728	2	1	1	0	28	2292	0	1	0
801	2	14	1	0	20	161	0	1	1
801	2	3	96	0	20	161	0	1	1
1729	2	1	1	0	28	2292	0	1	0
1730	2	1	1	0	28	2292	0	1	0
802	1	8	71	0	20	161	0	1	0
1731	2	1	1	0	28	2292	0	1	0
802	1	10	63	0	20	161	0	1	0
802	2	15	12	0	20	161	0	1	1
802	2	5	20	0	20	161	0	1	1
1732	2	1	1	0	28	2292	0	1	0
1733	2	1	1	0	28	2292	0	1	0
1734	2	1	1	0	28	2292	0	1	0
803	1	4	78	0	20	161	0	1	0
803	1	12	82	0	20	161	0	1	0
803	2	7	29	0	20	161	0	1	1
803	2	9	39	0	20	161	0	1	1
1735	2	1	1	0	28	2292	0	1	0
1736	2	1	1	0	28	2292	0	1	0
804	1	1	87	0	20	161	0	1	0
804	1	6	91	0	20	161	0	1	0
1737	2	1	1	0	28	2292	0	1	0
804	2	2	50	0	20	161	0	1	1
804	2	11	58	0	20	161	0	1	1
1738	2	1	1	0	28	2292	0	1	0
1739	2	1	1	0	28	2292	0	1	0
805	1	3	96	0	20	161	0	1	0
805	1	13	94	0	20	161	0	1	0
805	2	10	63	0	20	161	0	1	1
805	2	8	71	0	20	161	0	1	1
1740	2	1	1	0	28	2292	0	1	0
1741	2	1	1	0	28	2292	0	1	0
806	1	14	1	0	20	161	0	1	0
806	1	15	12	0	20	161	0	1	0
806	2	4	78	0	20	161	0	1	1
806	2	12	82	0	20	161	0	1	1
1742	2	1	1	0	28	2292	0	1	0
1743	2	1	1	0	28	2292	0	1	0
807	1	5	20	0	20	161	0	1	0
807	1	7	29	0	20	161	0	1	0
807	2	1	87	0	20	161	0	1	1
807	2	6	91	0	20	161	0	1	1
1744	2	1	1	0	28	2292	0	1	0
808	1	2	50	0	20	161	0	1	0
1745	2	1	1	0	28	2292	0	1	0
808	1	9	39	0	20	161	0	1	0
1746	2	1	1	0	28	2292	0	1	0
808	2	13	94	0	20	161	0	1	1
808	2	3	96	0	20	161	0	1	1
1747	2	1	1	0	28	2292	0	1	0
1748	2	1	1	0	28	2292	0	1	0
809	1	10	63	0	20	161	0	1	0
809	1	11	58	0	20	161	0	1	0
809	2	14	1	0	20	161	0	1	1
809	2	15	12	0	20	161	0	1	1
1749	2	1	1	0	28	2292	0	1	0
810	1	4	78	0	20	161	0	1	0
810	1	8	71	0	20	161	0	1	0
810	2	5	20	0	20	161	0	1	1
810	2	7	29	0	20	161	0	1	1
1750	2	1	1	0	28	2292	0	1	0
1751	2	1	1	0	28	2292	0	1	0
1752	2	1	1	0	28	2292	0	1	0
811	1	1	87	0	20	161	0	1	0
811	1	12	82	0	20	161	0	1	0
811	2	9	39	0	20	161	0	1	1
811	2	2	50	0	20	161	0	1	1
1753	2	1	1	0	28	2292	0	1	0
1754	2	1	1	0	28	2292	0	1	0
812	1	6	91	0	20	161	0	1	0
812	1	13	94	0	20	161	0	1	0
812	2	11	58	0	20	161	0	1	1
812	2	10	63	0	20	161	0	1	1
1755	2	1	1	0	28	2292	0	1	0
1756	2	1	1	0	28	2292	0	1	0
813	1	3	96	0	20	161	0	1	0
813	1	14	1	0	20	161	0	1	0
1757	2	1	1	0	28	2292	0	1	0
813	2	8	71	0	20	161	0	1	1
813	2	4	78	0	20	161	0	1	1
1758	2	1	1	0	28	2292	0	1	0
814	1	5	20	0	20	161	0	1	0
814	1	15	12	0	20	161	0	1	0
1759	2	1	1	0	28	2292	0	1	0
814	2	12	82	0	20	161	0	1	1
814	2	1	87	0	20	161	0	1	1
1760	2	1	1	0	28	2292	0	1	0
815	1	7	29	0	20	161	0	1	0
815	1	9	39	0	20	161	0	1	0
815	2	6	91	0	20	161	0	1	1
815	2	13	94	0	20	161	0	1	1
1761	2	1	1	0	28	2292	0	1	0
816	1	2	50	0	20	161	0	1	0
816	1	11	58	0	20	161	0	1	0
816	2	14	1	0	20	161	0	1	1
1762	2	1	1	0	28	2292	0	1	0
816	2	3	96	0	20	161	0	1	1
1763	2	1	1	0	28	2292	0	1	0
1764	2	1	1	0	28	2292	0	1	0
817	1	8	71	0	20	161	0	1	0
817	1	10	63	0	20	161	0	1	0
817	2	15	12	0	20	161	0	1	1
817	2	5	20	0	20	161	0	1	1
1765	2	1	1	0	28	2292	0	1	0
1766	2	1	1	0	28	2292	0	1	0
818	1	4	78	0	20	161	0	1	0
818	1	12	82	0	20	161	0	1	0
818	2	7	29	0	20	161	0	1	1
818	2	9	39	0	20	161	0	1	1
1767	2	1	1	0	28	2292	0	1	0
1768	2	1	1	0	28	2292	0	1	0
819	1	1	87	0	20	161	0	1	0
819	1	6	91	0	20	161	0	1	0
819	2	2	50	0	20	161	0	1	1
819	2	11	58	0	20	161	0	1	1
1769	2	1	1	0	28	2292	0	1	0
1770	2	1	1	0	28	2292	0	1	0
820	1	3	96	0	20	161	0	1	0
820	1	13	94	0	20	161	0	1	0
1771	2	1	1	0	28	2292	0	1	0
820	2	10	63	0	20	161	0	1	1
820	2	8	71	0	20	161	0	1	1
1772	2	1	1	0	28	2292	0	1	0
821	1	14	1	0	20	161	0	1	0
821	1	15	12	0	20	161	0	1	0
821	2	4	78	0	20	161	0	1	1
821	2	12	82	0	20	161	0	1	1
1773	2	1	1	0	28	2292	0	1	0
1774	2	1	1	0	28	2292	0	1	0
822	1	5	20	0	20	161	0	1	0
822	1	7	29	0	20	161	0	1	0
1775	2	1	1	0	28	2292	0	1	0
822	2	1	87	0	20	161	0	1	1
822	2	6	91	0	20	161	0	1	1
1776	2	1	1	0	28	2292	0	1	0
1777	2	1	1	0	28	2292	0	1	0
823	1	2	50	0	20	161	0	1	0
823	1	9	39	0	20	161	0	1	0
1778	2	1	1	0	28	2292	0	1	0
823	2	13	94	0	20	161	0	1	1
823	2	3	96	0	20	161	0	1	1
1779	2	1	1	0	28	2292	0	1	0
824	1	10	63	0	20	161	0	1	0
824	1	11	58	0	20	161	0	1	0
824	2	14	1	0	20	161	0	1	1
1780	2	1	1	0	28	2292	0	1	0
824	2	15	12	0	20	161	0	1	1
1781	2	1	1	0	28	2292	0	1	0
1782	2	1	1	0	28	2292	0	1	0
825	1	4	78	0	20	161	0	1	0
825	1	8	71	0	20	161	0	1	0
1783	2	1	1	0	28	2292	0	1	0
825	2	5	20	0	20	161	0	1	1
825	2	7	29	0	20	161	0	1	1
1784	2	1	1	0	28	2292	0	1	0
826	1	1	87	0	20	161	0	1	0
826	1	12	82	0	20	161	0	1	0
1785	2	1	1	0	28	2292	0	1	0
826	2	9	39	0	20	161	0	1	1
826	2	2	50	0	20	161	0	1	1
1786	2	1	1	0	28	2292	0	1	0
1787	2	1	1	0	28	2292	0	1	0
827	1	6	91	0	20	161	0	1	0
827	1	13	94	0	20	161	0	1	0
827	2	11	58	0	20	161	0	1	1
827	2	10	63	0	20	161	0	1	1
1788	2	1	1	0	28	2292	0	1	0
828	1	3	96	0	20	161	0	1	0
1789	2	1	1	0	28	2292	0	1	0
828	1	14	1	0	20	161	0	1	0
1790	2	1	1	0	28	2292	0	1	0
828	2	8	71	0	20	161	0	1	1
828	2	4	78	0	20	161	0	1	1
1791	2	1	1	0	28	2292	0	1	0
829	1	5	20	0	20	161	0	1	0
1792	2	1	1	0	28	2292	0	1	0
829	1	15	12	0	20	161	0	1	0
829	2	12	82	0	20	161	0	1	1
829	2	1	87	0	20	161	0	1	1
1793	2	1	1	0	28	2292	0	1	0
1794	2	1	1	0	28	2292	0	1	0
830	1	7	29	0	20	161	0	1	0
830	1	9	39	0	20	161	0	1	0
1795	2	1	1	0	28	2292	0	1	0
830	2	6	91	0	20	161	0	1	1
830	2	13	94	0	20	161	0	1	1
1796	2	1	1	0	28	2292	0	1	0
831	1	2	50	0	20	161	0	1	0
831	1	11	58	0	20	161	0	1	0
831	2	14	1	0	20	161	0	1	1
1797	2	1	1	0	28	2292	0	1	0
831	2	3	96	0	20	161	0	1	1
1798	2	1	1	0	28	2292	0	1	0
832	1	8	71	0	20	161	0	1	0
832	1	10	63	0	20	161	0	1	0
832	2	15	12	0	20	161	0	1	1
832	2	5	20	0	20	161	0	1	1
1799	2	1	1	0	28	2292	0	1	0
1800	2	1	1	0	28	2292	0	1	0
1801	2	1	1	0	28	2292	0	1	0
833	1	4	78	0	20	161	0	1	0
833	1	12	82	0	20	161	0	1	0
833	2	7	29	0	20	161	0	1	1
833	2	9	39	0	20	161	0	1	1
1802	2	1	1	0	28	2292	0	1	0
834	1	1	87	0	20	161	0	1	0
1803	2	1	1	0	28	2292	0	1	0
834	1	6	91	0	20	161	0	1	0
1804	2	1	1	0	28	2292	0	1	0
834	2	2	50	0	20	161	0	1	1
834	2	11	58	0	20	161	0	1	1
1805	2	1	1	0	28	2292	0	1	0
835	1	3	96	0	20	161	0	1	0
1806	2	1	1	0	28	2292	0	1	0
835	1	13	94	0	20	161	0	1	0
835	2	10	63	0	20	161	0	1	1
835	2	8	71	0	20	161	0	1	1
1807	2	1	1	0	28	2292	0	1	0
836	1	14	1	0	20	161	0	1	0
836	1	15	12	0	20	161	0	1	0
836	2	4	78	0	20	161	0	1	1
836	2	12	82	0	20	161	0	1	1
1808	2	1	1	0	28	2292	0	1	0
1809	2	1	1	0	28	2292	0	1	0
837	1	5	20	0	20	161	0	1	0
837	1	7	29	0	20	161	0	1	0
1810	2	1	1	0	28	2292	0	1	0
837	2	1	87	0	20	161	0	1	1
837	2	6	91	0	20	161	0	1	1
1811	2	1	1	0	28	2292	0	1	0
838	1	2	50	0	20	161	0	1	0
1812	2	1	1	0	28	2292	0	1	0
838	1	9	39	0	20	161	0	1	0
1813	2	1	1	0	28	2292	0	1	0
838	2	13	94	0	20	161	0	1	1
838	2	3	96	0	20	161	0	1	1
1814	2	1	1	0	28	2292	0	1	0
839	1	10	63	0	20	161	0	1	0
839	1	11	58	0	20	161	0	1	0
839	2	14	1	0	20	161	0	1	1
1815	2	1	1	0	28	2292	0	1	0
839	2	15	12	0	20	161	0	1	1
1816	2	1	1	0	28	2292	0	1	0
1817	2	1	1	0	28	2292	0	1	0
840	1	4	78	0	20	161	0	1	0
840	1	8	71	0	20	161	0	1	0
840	2	5	20	0	20	161	0	1	1
840	2	7	29	0	20	161	0	1	1
1818	2	1	1	0	28	2292	0	1	0
1819	2	1	1	0	28	2292	0	1	0
841	1	1	87	0	20	161	0	1	0
841	1	12	82	0	20	161	0	1	0
1820	2	1	1	0	28	2292	0	1	0
841	2	9	39	0	20	161	0	1	1
841	2	2	50	0	20	161	0	1	1
1821	2	1	1	0	28	2292	0	1	0
1822	2	1	1	0	28	2292	0	1	0
842	1	6	91	0	20	161	0	1	0
842	1	13	94	0	20	161	0	1	0
842	2	11	58	0	20	161	0	1	1
1823	2	1	1	0	28	2292	0	1	0
842	2	10	63	0	20	161	0	1	1
1824	2	1	1	0	28	2292	0	1	0
843	1	3	96	0	20	161	0	1	0
843	1	14	1	0	20	161	0	1	0
843	2	8	71	0	20	161	0	1	1
843	2	4	78	0	20	161	0	1	1
1825	2	1	1	0	28	2292	0	1	0
1826	2	1	1	0	28	2292	0	1	0
844	1	5	20	0	20	161	0	1	0
844	1	15	12	0	20	161	0	1	0
1827	2	1	1	0	28	2292	0	1	0
844	2	12	82	0	20	161	0	1	1
844	2	1	87	0	20	161	0	1	1
1828	2	1	1	0	28	2292	0	1	0
845	1	7	29	0	20	161	0	1	0
845	1	9	39	0	20	161	0	1	0
845	2	6	91	0	20	161	0	1	1
845	2	13	94	0	20	161	0	1	1
1829	2	1	1	0	28	2292	0	1	0
1830	2	1	1	0	28	2292	0	1	0
846	1	2	50	0	20	161	0	1	0
846	1	11	58	0	20	161	0	1	0
846	2	14	1	0	20	161	0	1	1
1831	2	1	1	0	28	2292	0	1	0
846	2	3	96	0	20	161	0	1	1
1832	2	1	1	0	28	2292	0	1	0
1833	2	1	1	0	28	2292	0	1	0
847	1	8	71	0	20	161	0	1	0
847	1	10	63	0	20	161	0	1	0
847	2	15	12	0	20	161	0	1	1
847	2	5	20	0	20	161	0	1	1
1834	2	1	1	0	28	2292	0	1	0
1835	2	1	1	0	28	2292	0	1	0
848	1	4	78	0	20	161	0	1	0
1836	2	1	1	0	28	2292	0	1	0
848	1	12	82	0	20	161	0	1	0
848	2	7	29	0	20	161	0	1	1
848	2	9	39	0	20	161	0	1	1
1837	2	1	1	0	28	2292	0	1	0
849	1	1	87	0	20	161	0	1	0
849	1	6	91	0	20	161	0	1	0
1838	2	1	1	0	28	2292	0	1	0
849	2	2	50	0	20	161	0	1	1
849	2	11	58	0	20	161	0	1	1
1839	2	1	1	0	28	2292	0	1	0
850	1	3	96	0	20	161	0	1	0
1840	2	1	1	0	28	2292	0	1	0
850	1	13	94	0	20	161	0	1	0
850	2	10	63	0	20	161	0	1	1
850	2	8	71	0	20	161	0	1	1
1841	2	1	1	0	28	2292	0	1	0
1842	2	1	1	0	28	2292	0	1	0
851	1	14	1	0	20	161	0	1	0
851	1	15	12	0	20	161	0	1	0
851	2	4	78	0	20	161	0	1	1
851	2	12	82	0	20	161	0	1	1
1843	2	1	1	0	28	2292	0	1	0
1844	2	1	1	0	28	2292	0	1	0
852	1	5	20	0	20	161	0	1	0
852	1	7	29	0	20	161	0	1	0
1845	2	1	1	0	28	2292	0	1	0
852	2	1	87	0	20	161	0	1	1
852	2	6	91	0	20	161	0	1	1
1846	2	1	1	0	28	2292	0	1	0
853	1	2	50	0	20	161	0	1	0
1847	2	1	1	0	28	2292	0	1	0
853	1	9	39	0	20	161	0	1	0
853	2	13	94	0	20	161	0	1	1
853	2	3	96	0	20	161	0	1	1
1848	2	1	1	0	28	2292	0	1	0
1849	2	1	1	0	28	2292	0	1	0
854	1	10	63	0	20	161	0	1	0
854	1	11	58	0	20	161	0	1	0
854	2	14	1	0	20	161	0	1	1
854	2	15	12	0	20	161	0	1	1
1850	2	1	1	0	28	2292	0	1	0
1851	2	1	1	0	28	2292	0	1	0
855	1	4	78	0	20	161	0	1	0
855	1	8	71	0	20	161	0	1	0
855	2	5	20	0	20	161	0	1	1
855	2	7	29	0	20	161	0	1	1
1852	2	1	1	0	28	2292	0	1	0
1853	2	1	1	0	28	2292	0	1	0
856	1	1	87	0	20	161	0	1	0
856	1	12	82	0	20	161	0	1	0
1854	2	1	1	0	28	2292	0	1	0
856	2	9	39	0	20	161	0	1	1
856	2	2	50	0	20	161	0	1	1
1855	2	1	1	0	28	2292	0	1	0
857	1	6	91	0	20	161	0	1	0
857	1	13	94	0	20	161	0	1	0
1856	2	1	1	0	28	2292	0	1	0
857	2	11	58	0	20	161	0	1	1
857	2	10	63	0	20	161	0	1	1
1857	2	1	1	0	28	2292	0	1	0
858	1	3	96	0	20	161	0	1	0
858	1	14	1	0	20	161	0	1	0
1858	2	1	1	0	28	2292	0	1	0
858	2	8	71	0	20	161	0	1	1
858	2	4	78	0	20	161	0	1	1
1859	2	1	1	0	28	2292	0	1	0
1860	2	1	1	0	28	2292	0	1	0
859	1	5	20	0	20	161	0	1	0
859	1	15	12	0	20	161	0	1	0
859	2	12	82	0	20	161	0	1	1
859	2	1	87	0	20	161	0	1	1
1861	2	1	1	0	28	2292	0	1	0
1862	2	1	1	0	28	2292	0	1	0
860	1	7	29	0	20	161	0	1	0
860	1	9	39	0	20	161	0	1	0
1863	2	1	1	0	28	2292	0	1	0
860	2	6	91	0	20	161	0	1	1
860	2	13	94	0	20	161	0	1	1
1864	2	1	1	0	28	2292	0	1	0
861	1	2	50	0	20	161	0	1	0
861	1	11	58	0	20	161	0	1	0
1865	2	1	1	0	28	2292	0	1	0
861	2	14	1	0	20	161	0	1	1
861	2	3	96	0	20	161	0	1	1
1866	2	1	1	0	28	2292	0	1	0
862	1	8	71	0	20	161	0	1	0
862	1	10	63	0	20	161	0	1	0
1867	2	1	1	0	28	2292	0	1	0
862	2	15	12	0	20	161	0	1	1
862	2	5	20	0	20	161	0	1	1
1868	2	1	1	0	28	2292	0	1	0
1869	2	1	1	0	28	2292	0	1	0
863	1	4	78	0	20	161	0	1	0
863	1	12	82	0	20	161	0	1	0
1870	2	1	1	0	28	2292	0	1	0
863	2	7	29	0	20	161	0	1	1
863	2	9	39	0	20	161	0	1	1
1871	2	1	1	0	28	2292	0	1	0
864	1	1	87	0	20	161	0	1	0
1872	2	1	1	0	28	2292	0	1	0
864	1	6	91	0	20	161	0	1	0
1873	2	1	1	0	28	2292	0	1	0
864	2	2	50	0	20	161	0	1	1
864	2	11	58	0	20	161	0	1	1
1874	2	1	1	0	28	2292	0	1	0
1875	2	1	1	0	28	2292	0	1	0
865	1	3	96	0	20	161	0	1	0
865	1	13	94	0	20	161	0	1	0
1876	2	1	1	0	28	2292	0	1	0
865	2	10	63	0	20	161	0	1	1
865	2	8	71	0	20	161	0	1	1
1877	2	1	1	0	28	2292	0	1	0
1878	2	1	1	0	28	2292	0	1	0
866	1	14	1	0	20	161	0	1	0
866	1	15	12	0	20	161	0	1	0
1879	2	1	1	0	28	2292	0	1	0
866	2	4	78	0	20	161	0	1	1
866	2	12	82	0	20	161	0	1	1
1880	2	1	1	0	28	2292	0	1	0
867	1	5	20	0	20	161	0	1	0
867	1	7	29	0	20	161	0	1	0
1881	2	1	1	0	28	2292	0	1	0
867	2	1	87	0	20	161	0	1	1
867	2	6	91	0	20	161	0	1	1
1882	2	1	1	0	28	2292	0	1	0
1883	2	1	1	0	28	2292	0	1	0
868	1	2	50	0	20	161	0	1	0
868	1	9	39	0	20	161	0	1	0
1884	2	1	1	0	28	2292	0	1	0
868	2	13	94	0	20	161	0	1	1
868	2	3	96	0	20	161	0	1	1
1885	2	1	1	0	28	2292	0	1	0
869	1	10	63	0	20	161	0	1	0
1886	2	1	1	0	28	2292	0	1	0
869	1	11	58	0	20	161	0	1	0
869	2	14	1	0	20	161	0	1	1
869	2	15	12	0	20	161	0	1	1
1887	2	1	1	0	28	2292	0	1	0
870	1	4	78	0	20	161	0	1	0
870	1	8	71	0	20	161	0	1	0
870	2	5	20	0	20	161	0	1	1
870	2	7	29	0	20	161	0	1	1
1888	2	1	1	0	28	2292	0	1	0
1889	2	1	1	0	28	2292	0	1	0
871	1	1	87	0	20	161	0	1	0
1890	2	1	1	0	28	2292	0	1	0
871	1	12	82	0	20	161	0	1	0
871	2	9	39	0	20	161	0	1	1
871	2	2	50	0	20	161	0	1	1
1891	2	1	1	0	28	2292	0	1	0
872	1	6	91	0	20	161	0	1	0
872	1	13	94	0	20	161	0	1	0
1892	2	1	1	0	28	2292	0	1	0
872	2	11	58	0	20	161	0	1	1
872	2	10	63	0	20	161	0	1	1
1893	2	1	1	0	28	2292	0	1	0
873	1	3	96	0	20	161	0	1	0
873	1	14	1	0	20	161	0	1	0
1894	2	1	1	0	28	2292	0	1	0
873	2	8	71	0	20	161	0	1	1
873	2	4	78	0	20	161	0	1	1
1895	2	1	1	0	28	2292	0	1	0
874	1	5	20	0	20	161	0	1	0
1896	2	1	1	0	28	2292	0	1	0
874	1	15	12	0	20	161	0	1	0
1897	2	1	1	0	28	2292	0	1	0
874	2	12	82	0	20	161	0	1	1
874	2	1	87	0	20	161	0	1	1
1898	2	1	1	0	28	2292	0	1	0
1899	2	1	1	0	28	2292	0	1	0
875	1	7	29	0	20	161	0	1	0
875	1	9	39	0	20	161	0	1	0
875	2	6	91	0	20	161	0	1	1
875	2	13	94	0	20	161	0	1	1
1900	2	1	1	0	28	2292	0	1	0
1901	2	1	1	0	28	2292	0	1	0
876	1	2	50	0	20	161	0	1	0
1902	2	1	1	0	28	2292	0	1	0
876	1	11	58	0	20	161	0	1	0
876	2	14	1	0	20	161	0	1	1
1903	2	1	1	0	28	2292	0	1	0
876	2	3	96	0	20	161	0	1	1
1904	2	1	1	0	28	2292	0	1	0
1905	2	1	1	0	28	2292	0	1	0
877	1	8	71	0	20	161	0	1	0
877	1	10	63	0	20	161	0	1	0
877	2	15	12	0	20	161	0	1	1
877	2	5	20	0	20	161	0	1	1
1906	2	1	1	0	28	2292	0	1	0
1907	2	1	1	0	28	2292	0	1	0
878	1	4	78	0	20	161	0	1	0
878	1	12	82	0	20	161	0	1	0
878	2	7	29	0	20	161	0	1	1
878	2	9	39	0	20	161	0	1	1
1908	2	1	1	0	28	2292	0	1	0
1909	2	1	1	0	28	2292	0	1	0
879	1	1	87	0	20	161	0	1	0
1910	2	1	1	0	28	2292	0	1	0
879	1	6	91	0	20	161	0	1	0
879	2	2	50	0	20	161	0	1	1
879	2	11	58	0	20	161	0	1	1
1911	2	1	1	0	28	2292	0	1	0
1912	2	1	1	0	28	2292	0	1	0
880	1	3	96	0	20	161	0	1	0
880	1	13	94	0	20	161	0	1	0
1913	2	1	1	0	28	2292	0	1	0
880	2	10	63	0	20	161	0	1	1
880	2	8	71	0	20	161	0	1	1
1914	2	1	1	0	28	2292	0	1	0
881	1	14	1	0	20	161	0	1	0
881	1	15	12	0	20	161	0	1	0
1915	2	1	1	0	28	2292	0	1	0
881	2	4	78	0	20	161	0	1	1
881	2	12	82	0	20	161	0	1	1
1916	2	1	1	0	28	2292	0	1	0
882	1	5	20	0	20	161	0	1	0
882	1	7	29	0	20	161	0	1	0
1917	2	1	1	0	28	2292	0	1	0
882	2	1	87	0	20	161	0	1	1
882	2	6	91	0	20	161	0	1	1
1918	2	1	1	0	28	2292	0	1	0
1919	2	1	1	0	28	2292	0	1	0
883	1	2	50	0	20	161	0	1	0
883	1	9	39	0	20	161	0	1	0
1920	2	1	1	0	28	2292	0	1	0
883	2	13	94	0	20	161	0	1	1
883	2	3	96	0	20	161	0	1	1
1921	2	1	1	0	28	2292	0	1	0
884	1	10	63	0	20	161	0	1	0
884	1	11	58	0	20	161	0	1	0
1922	2	1	1	0	28	2292	0	1	0
884	2	14	1	0	20	161	0	1	1
884	2	15	12	0	20	161	0	1	1
1923	2	1	1	0	28	2292	0	1	0
1924	2	1	1	0	28	2292	0	1	0
885	1	4	78	0	20	161	0	1	0
885	1	8	71	0	20	161	0	1	0
885	2	5	20	0	20	161	0	1	1
885	2	7	29	0	20	161	0	1	1
1925	2	1	1	0	28	2292	0	1	0
1926	2	1	1	0	28	2292	0	1	0
886	1	1	87	0	20	161	0	1	0
886	1	12	82	0	20	161	0	1	0
1927	2	1	1	0	28	2292	0	1	0
886	2	9	39	0	20	161	0	1	1
886	2	2	50	0	20	161	0	1	1
1928	2	1	1	0	28	2292	0	1	0
1929	2	1	1	0	28	2292	0	1	0
887	1	6	91	0	20	161	0	1	0
887	1	13	94	0	20	161	0	1	0
1930	2	1	1	0	28	2292	0	1	0
887	2	11	58	0	20	161	0	1	1
887	2	10	63	0	20	161	0	1	1
1931	2	1	1	0	28	2292	0	1	0
888	1	3	96	0	20	161	0	1	0
888	1	14	1	0	20	161	0	1	0
1932	2	1	1	0	28	2292	0	1	0
888	2	8	71	0	20	161	0	1	1
888	2	4	78	0	20	161	0	1	1
1933	2	1	1	0	28	2292	0	1	0
1934	2	1	1	0	28	2292	0	1	0
889	1	5	20	0	20	161	0	1	0
889	1	15	12	0	20	161	0	1	0
889	2	12	82	0	20	161	0	1	1
889	2	1	87	0	20	161	0	1	1
1935	2	1	1	0	28	2292	0	1	0
890	1	7	29	0	20	161	0	1	0
1936	2	1	1	0	28	2292	0	1	0
890	1	9	39	0	20	161	0	1	0
890	2	6	91	0	20	161	0	1	1
890	2	13	94	0	20	161	0	1	1
1937	2	1	1	0	28	2292	0	1	0
1938	2	1	1	0	28	2292	0	1	0
891	1	2	50	0	20	161	0	1	0
891	1	11	58	0	20	161	0	1	0
891	2	14	1	0	20	161	0	1	1
891	2	3	96	0	20	161	0	1	1
1939	2	1	1	0	28	2292	0	1	0
892	1	8	71	0	20	161	0	1	0
892	1	10	63	0	20	161	0	1	0
1940	2	1	1	0	28	2292	0	1	0
892	2	15	12	0	20	161	0	1	1
892	2	5	20	0	20	161	0	1	1
1941	2	1	1	0	28	2292	0	1	0
893	1	4	78	0	20	161	0	1	0
1942	2	1	1	0	28	2292	0	1	0
893	1	12	82	0	20	161	0	1	0
893	2	7	29	0	20	161	0	1	1
893	2	9	39	0	20	161	0	1	1
1943	2	1	1	0	28	2292	0	1	0
894	1	1	87	0	20	161	0	1	0
1944	2	1	1	0	28	2292	0	1	0
894	1	6	91	0	20	161	0	1	0
894	2	2	50	0	20	161	0	1	1
894	2	11	58	0	20	161	0	1	1
1945	2	1	1	0	28	2292	0	1	0
1946	2	1	1	0	28	2292	0	1	0
895	1	3	96	0	20	161	0	1	0
1947	2	1	1	0	28	2292	0	1	0
895	1	13	94	0	20	161	0	1	0
895	2	10	63	0	20	161	0	1	1
895	2	8	71	0	20	161	0	1	1
1948	2	1	1	0	28	2292	0	1	0
1949	2	1	1	0	28	2292	0	1	0
1950	2	1	1	0	28	2292	0	1	0
896	1	14	1	0	20	161	0	1	0
896	1	15	12	0	20	161	0	1	0
1951	2	1	1	0	28	2292	0	1	0
896	2	4	78	0	20	161	0	1	1
896	2	12	82	0	20	161	0	1	1
1952	2	1	1	0	28	2292	0	1	0
1953	2	1	1	0	28	2292	0	1	0
897	1	5	20	0	20	161	0	1	0
897	1	7	29	0	20	161	0	1	0
897	2	1	87	0	20	161	0	1	1
897	2	6	91	0	20	161	0	1	1
1954	2	1	1	0	28	2292	0	1	0
1955	2	1	1	0	28	2292	0	1	0
898	1	2	50	0	20	161	0	1	0
1956	2	1	1	0	28	2292	0	1	0
898	1	9	39	0	20	161	0	1	0
1957	2	1	1	0	28	2292	0	1	0
898	2	13	94	0	20	161	0	1	1
898	2	3	96	0	20	161	0	1	1
1958	2	1	1	0	28	2292	0	1	0
1959	2	1	1	0	28	2292	0	1	0
899	1	10	63	0	20	161	0	1	0
899	1	11	58	0	20	161	0	1	0
899	2	14	1	0	20	161	0	1	1
899	2	15	12	0	20	161	0	1	1
1960	2	1	1	0	28	2292	0	1	0
1961	2	1	1	0	28	2292	0	1	0
900	1	4	78	0	20	161	0	1	0
1962	2	1	1	0	28	2292	0	1	0
900	1	8	71	0	20	161	0	1	0
900	2	5	20	0	20	161	0	1	1
900	2	7	29	0	20	161	0	1	1
1963	2	1	1	0	28	2292	0	1	0
1964	2	1	1	0	28	2292	0	1	0
1965	2	1	1	0	28	2292	0	1	0
901	1	1	87	0	20	161	0	1	0
901	1	12	82	0	20	161	0	1	0
901	2	9	39	0	20	161	0	1	1
901	2	2	50	0	20	161	0	1	1
1966	2	1	1	0	28	2292	0	1	0
1967	2	1	1	0	28	2292	0	1	0
1968	2	1	1	0	28	2292	0	1	0
902	1	6	91	0	20	161	0	1	0
902	1	13	94	0	20	161	0	1	0
1969	2	1	1	0	28	2292	0	1	0
902	2	11	58	0	20	161	0	1	1
902	2	10	63	0	20	161	0	1	1
1970	2	1	1	0	28	2292	0	1	0
1971	2	1	1	0	28	2292	0	1	0
903	1	3	96	0	20	161	0	1	0
1972	2	1	1	0	28	2292	0	1	0
903	1	14	1	0	20	161	0	1	0
903	2	8	71	0	20	161	0	1	1
903	2	4	78	0	20	161	0	1	1
1973	2	1	1	0	28	2292	0	1	0
1974	2	1	1	0	28	2292	0	1	0
1975	2	1	1	0	28	2292	0	1	0
1976	2	1	1	0	28	2292	0	1	0
1977	2	1	1	0	28	2292	0	1	0
1978	2	1	1	0	28	2292	0	1	0
1979	2	1	1	0	28	2292	0	1	0
1980	2	1	1	0	28	2292	0	1	0
1981	2	1	1	0	28	2292	0	1	0
1982	2	1	1	0	28	2292	0	1	0
1983	2	1	1	0	28	2292	0	1	0
1984	2	1	1	0	28	2292	0	1	0
1985	2	1	1	0	28	2292	0	1	0
1986	2	1	1	0	28	2292	0	1	0
1987	2	1	1	0	28	2292	0	1	0
1988	2	1	1	0	28	2292	0	1	0
1989	2	1	1	0	28	2292	0	1	0
1990	2	1	1	0	28	2292	0	1	0
1991	2	1	1	0	28	2292	0	1	0
1992	2	1	1	0	28	2292	0	1	0
1993	2	1	1	0	28	2292	0	1	0
1994	2	1	1	0	28	2292	0	1	0
1995	2	1	1	0	28	2292	0	1	0
1996	2	1	1	0	28	2292	0	1	0
1997	2	1	1	0	28	2292	0	1	0
1998	2	1	1	0	28	2292	0	1	0
1999	2	1	1	0	28	2292	0	1	0
2000	2	1	1	0	28	2292	0	1	0
2001	2	1	1	0	28	2292	0	1	0
2002	2	1	1	0	28	2292	0	1	0
2003	2	1	1	0	28	2292	0	1	0
